Timestamp,Accel,Gyr,Label,Sep
15:44:06.661094,"['-401', ' -711', ' 2064', ' -64', ' -7', ' 76', ' -298', ' -2001', ' -206']","[' -237', ' 133', ' 1', ' 760', ' 1887', ' -848', ' 399', ' 280', ' 83']",pinch2finger,False
15:44:06.747379,"['-334', ' -659', ' 2020', ' -64', ' -7', ' 76', ' -313', ' -2028', ' -257']","[' -214', ' 68', ' -35', ' 826', ' 1637', ' -855', ' 120', ' 338', ' 90']",pinch2finger,False
15:44:06.748376,"['-169', ' -694', ' 1976', ' -64', ' -7', ' 76', ' -275', ' -2046', ' -232']","[' -185', ' 15', ' -39', ' 625', ' 1759', ' -913', ' 233', ' 188', ' -59']",pinch2finger,False
15:44:06.749373,"['-207', ' -539', ' 2070', ' -64', ' -7', ' 76', ' -202', ' -2050', ' -142']","[' -173', ' -15', ' -65', ' 408', ' 1787', ' -824', ' 186', ' 185', ' -63']",pinch2finger,False
15:44:06.750371,"['-131', ' -389', ' 2069', ' -64', ' -7', ' 76', ' -162', ' -2044', ' -72']","[' -180', ' 5', ' -56', ' 434', ' 1691', ' -741', ' 174', ' 139', ' -55']",pinch2finger,False
15:44:06.752365,"['42', ' -192', ' 1973', ' -64', ' -7', ' 76', ' -138', ' -2054', ' -83']","[' -187', ' 12', ' -69', ' 515', ' 1729', ' -595', ' 205', ' 142', ' -20']",pinch2finger,False
15:44:06.753362,"['41', ' 214', ' 1968', ' -64', ' -7', ' 76', ' -116', ' -2007', ' -7']","[' -216', ' 30', ' -46', ' 445', ' 1724', ' -667', ' 208', ' 139', ' 50']",pinch2finger,False
15:44:06.754359,"['-96', ' -306', ' 2023', ' -64', ' -7', ' 76', ' -181', ' -2082', ' -9']","[' -262', ' 40', ' -41', ' 359', ' 1736', ' -693', ' 243', ' 128', ' 72']",pinch2finger,False
15:44:06.755356,"['-194', ' -194', ' 2074', ' -64', ' -7', ' 76', ' -225', ' -2119', ' -25']","[' -284', ' 35', ' -45', ' 382', ' 1760', ' -717', ' 280', ' 48', ' 67']",pinch2finger,False
15:44:06.757351,"['-155', ' -276', ' 2100', ' -111', ' 103', ' 177', ' -167', ' -2098', ' -38']","[' -305', ' 15', ' -51', ' 598', ' 1781', ' -735', ' 292', ' 53', ' 84']",pinch2finger,False
15:44:06.758348,"['-67', ' -381', ' 2074', ' -111', ' 103', ' 177', ' -195', ' -2089', ' -93']","[' -323', ' 10', ' -39', ' 582', ' 1788', ' -751', ' 294', ' 51', ' 98']",pinch2finger,False
15:44:06.759346,"['-81', ' -387', ' 2087', ' -111', ' 103', ' 177', ' -172', ' -2141', ' -104']","[' -317', ' -6', ' -22', ' 542', ' 1824', ' -799', ' 303', ' 63', ' 118']",pinch2finger,False
15:44:06.760343,"['-64', ' -442', ' 2101', ' -111', ' 103', ' 177', ' -186', ' -2114', ' -128']","[' -312', ' -4', ' -28', ' 547', ' 1838', ' -841', ' 272', ' 62', ' 147']",pinch2finger,False
15:44:06.762339,"['-15', ' -420', ' 2079', ' -111', ' 103', ' 177', ' -172', ' -2094', ' -116']","[' -319', ' -9', ' -14', ' 487', ' 1785', ' -832', ' 255', ' 62', ' 185']",pinch2finger,False
15:44:06.763339,"['-12', ' -375', ' 2078', ' -111', ' 103', ' 177', ' -155', ' -2105', ' -100']","[' -325', ' -12', ' 3', ' 478', ' 1779', ' -802', ' 278', ' 34', ' 178']",pinch2finger,False
15:44:06.764336,"['-56', ' -375', ' 2092', ' -111', ' 103', ' 177', ' -152', ' -2131', ' -92']","[' -315', ' -15', ' 18', ' 472', ' 1805', ' -788', ' 283', ' -26', ' 187']",pinch2finger,False
15:44:06.766331,"['-82', ' -412', ' 2090', ' -111', ' 103', ' 177', ' -145', ' -2117', ' -135']","[' -309', ' -12', ' 20', ' 581', ' 1781', ' -795', ' 276', ' -20', ' 202']",pinch2finger,False
15:44:06.767328,"['-607', ' -207', ' 2349', ' -111', ' 103', ' 177', ' -111', ' -2034', ' -125']","[' -316', ' 11', ' 37', ' 537', ' 1869', ' -935', ' 242', ' 43', ' 232']",pinch2finger,False
15:44:06.768327,"['-378', ' -513', ' 2222', ' -111', ' 103', ' 177', ' -172', ' -2178', ' -175']","[' -316', ' -2', ' 44', ' 505', ' 1811', ' -902', ' 213', ' -16', ' 196']",pinch2finger,False
15:44:06.769322,"['-217', ' -692', ' 2136', ' -111', ' 103', ' 177', ' -196', ' -2157', ' -198']","[' -271', ' -13', ' 42', ' 543', ' 1842', ' -938', ' 185', ' -37', ' 175']",pinch2finger,False
15:44:06.770320,"['-23', ' -615', ' 2136', ' -166', ' 280', ' 228', ' -120', ' -2148', ' -182']","[' -222', ' -27', ' 63', ' 584', ' 1817', ' -924', ' 144', ' -76', ' 170']",pinch2finger,False
15:44:06.772315,"['-98', ' -631', ' 2118', ' -166', ' 280', ' 228', ' -108', ' -2151', ' -192']","[' -194', ' -7', ' 71', ' 539', ' 1821', ' -907', ' 123', ' -64', ' 169']",pinch2finger,False
15:44:06.773312,"['-111', ' -571', ' 2126', ' -166', ' 280', ' 228', ' -107', ' -2133', ' -187']","[' -153', ' -6', ' 62', ' 554', ' 1803', ' -888', ' 86', ' -107', ' 138']",pinch2finger,False
15:44:06.774310,"['-106', ' -513', ' 2097', ' -166', ' 280', ' 228', ' -122', ' -2131', ' -189']","[' -139', ' -5', ' 68', ' 569', ' 1790', ' -869', ' 79', ' -114', ' 127']",pinch2finger,False
15:44:06.776304,"['-132', ' -532', ' 2116', ' -166', ' 280', ' 228', ' -123', ' -2142', ' -164']","[' -100', ' 9', ' 64', ' 506', ' 1771', ' -883', ' 58', ' -125', ' 106']",pinch2finger,False
15:44:06.776304,"['-132', ' -465', ' 2115', ' -166', ' 280', ' 228', ' -116', ' -2141', ' -155']","[' -71', ' 8', ' 45', ' 495', ' 1772', ' -842', ' 61', ' -185', ' 68']",pinch2finger,False
15:44:06.778810,"['-140', ' -447', ' 2080', ' -166', ' 280', ' 228', ' -90', ' -2132', ' -143']","[' -46', ' 33', ' 33', ' 547', ' 1756', ' -823', ' 54', ' -204', ' 40']",pinch2finger,False
15:44:06.779806,"['-111', ' -460', ' 2082', ' -166', ' 280', ' 228', ' -90', ' -2088', ' -145']","[' -35', ' 49', ' 13', ' 553', ' 1762', ' -821', ' 61', ' -223', ' 30']",pinch2finger,False
15:44:06.780805,"['-112', ' -424', ' 2070', ' -166', ' 280', ' 228', ' -101', ' -2099', ' -131']","[' -34', ' 58', ' -5', ' 518', ' 1754', ' -802', ' 53', ' -248', ' -8']",pinch2finger,False
15:44:06.781803,"['-122', ' -407', ' 2045', ' -166', ' 280', ' 228', ' -91', ' -2081', ' -131']","[' -21', ' 64', ' -10', ' 538', ' 1724', ' -790', ' 64', ' -258', ' -29']",pinch2finger,False
15:44:06.782799,"['-112', ' -407', ' 2051', ' -189', ' 318', ' 143', ' -84', ' -2069', ' -110']","[' -18', ' 64', ' -26', ' 542', ' 1744', ' -790', ' 79', ' -275', ' -52']",pinch2finger,False
15:44:06.784794,"['-79', ' -378', ' 2046', ' -189', ' 318', ' 143', ' -93', ' -2083', ' -104']","[' -16', ' 70', ' -43', ' 489', ' 1734', ' -779', ' 74', ' -289', ' -69']",pinch2finger,False
15:44:06.786810,"['-76', ' -370', ' 2066', ' -189', ' 318', ' 143', ' -101', ' -2085', ' -96']","[' -17', ' 76', ' -49', ' 488', ' 1760', ' -784', ' 99', ' -299', ' -78']",pinch2finger,False
15:44:06.790779,"['-55', ' -356', ' 2077', ' -189', ' 318', ' 143', ' -88', ' -2068', ' -74']","[' -16', ' 63', ' -42', ' 521', ' 1737', ' -771', ' 92', ' -297', ' -75']",pinch2finger,False
15:44:06.793774,"['-41', ' -346', ' 2054', ' -189', ' 318', ' 143', ' -94', ' -2064', ' -85']","[' -32', ' 74', ' -59', ' 546', ' 1754', ' -787', ' 99', ' -285', ' -78']",pinch2finger,False
15:44:06.797760,"['-54', ' -393', ' 2053', ' -189', ' 318', ' 143', ' -97', ' -2065', ' -73']","[' -33', ' 60', ' -59', ' 548', ' 1769', ' -790', ' 97', ' -269', ' -73']",pinch2finger,False
15:44:06.801749,"['-51', ' -400', ' 2047', ' -189', ' 318', ' 143', ' -103', ' -2073', ' -91']","[' -48', ' 45', ' -50', ' 558', ' 1741', ' -792', ' 105', ' -244', ' -72']",pinch2finger,False
15:44:06.805738,"['-67', ' -387', ' 2058', ' -189', ' 318', ' 143', ' -102', ' -2061', ' -100']","[' -38', ' 36', ' -51', ' 550', ' 1753', ' -802', ' 105', ' -214', ' -84']",pinch2finger,False
15:44:06.809729,"['-35', ' -390', ' 2024', ' -189', ' 318', ' 143', ' -87', ' -2048', ' -98']","[' -44', ' 15', ' -38', ' 533', ' 1755', ' -778', ' 86', ' -206', ' -75']",pinch2finger,False
15:44:06.813721,"['-43', ' -379', ' 2044', ' -189', ' 318', ' 143', ' -109', ' -2048', ' -92']","[' -40', ' 19', ' -38', ' 374', ' 1755', ' -761', ' 94', ' -208', ' -115']",pinch2finger,False
15:44:06.817710,"['-68', ' -368', ' 2034', ' -155', ' 128', ' -27', ' -100', ' -2065', ' -71']","[' -46', ' 4', ' -45', ' 645', ' 1776', ' -753', ' 93', ' -192', ' -69']",pinch2finger,False
15:44:06.821699,"['-8', ' -386', ' 2026', ' -155', ' 128', ' -27', ' -99', ' -2029', ' -72']","[' -48', ' 18', ' -40', ' 462', ' 1705', ' -766', ' 79', ' -169', ' -58']",pinch2finger,False
15:44:06.825691,"['-68', ' -313', ' 2018', ' -155', ' 128', ' -27', ' -91', ' -2051', ' -78']","[' -65', ' 20', ' -41', ' 445', ' 1712', ' -783', ' 94', ' -159', ' -48']",pinch2finger,False
15:44:06.829680,"['-58', ' -366', ' 2029', ' -155', ' 128', ' -27', ' -77', ' -2071', ' -77']","[' -56', ' 20', ' -44', ' 485', ' 1726', ' -757', ' 90', ' -179', ' -52']",pinch2finger,False
15:44:06.833668,"['-86', ' -365', ' 2025', ' -155', ' 128', ' -27', ' -61', ' -2049', ' -81']","[' -48', ' 24', ' -47', ' 510', ' 1728', ' -752', ' 102', ' -196', ' -83']",pinch2finger,False
15:44:06.837652,"['-57', ' -368', ' 2013', ' -155', ' 128', ' -27', ' -90', ' -2049', ' -83']","[' -62', ' 37', ' -64', ' 492', ' 1718', ' -757', ' 105', ' -185', ' -65']",pinch2finger,False
15:44:06.841643,"['-39', ' -350', ' 2024', ' -155', ' 128', ' -27', ' -81', ' -2047', ' -88']","[' -52', ' 40', ' -68', ' 481', ' 1707', ' -772', ' 96', ' -184', ' -46']",pinch2finger,False
15:44:06.845632,"['-69', ' -366', ' 2013', ' -155', ' 128', ' -27', ' -98', ' -2067', ' -84']","[' -53', ' 37', ' -70', ' 515', ' 1729', ' -784', ' 95', ' -183', ' -68']",pinch2finger,False
15:44:06.849620,"['-62', ' -376', ' 2019', ' -155', ' 128', ' -27', ' -97', ' -2043', ' -104']","[' -40', ' 35', ' -71', ' 536', ' 1720', ' -771', ' 101', ' -162', ' -63']",pinch2finger,False
15:44:06.853610,"['-59', ' -398', ' 2025', ' -155', ' 128', ' -27', ' -102', ' -2052', ' -95']","[' -44', ' 28', ' -72', ' 567', ' 1742', ' -791', ' 90', ' -217', ' -84']",pinch2finger,False
15:44:06.856602,"['-40', ' -379', ' 2036', ' -79', ' -101', ' -146', ' -90', ' -2050', ' -98']","[' -36', ' 32', ' -82', ' 510', ' 1709', ' -775', ' 81', ' -134', ' -51']",pinch2finger,False
15:44:06.860596,"['-49', ' -386', ' 2019', ' -79', ' -101', ' -146', ' -96', ' -2035', ' -101']","[' -33', ' 21', ' -76', ' 529', ' 1712', ' -795', ' 95', ' -145', ' -69']",pinch2finger,False
15:44:06.864583,"['-26', ' -393', ' 2017', ' -79', ' -101', ' -146', ' -112', ' -2056', ' -102']","[' -40', ' 19', ' -83', ' 498', ' 1749', ' -798', ' 83', ' -130', ' -62']",pinch2finger,False
15:44:06.868576,"['-33', ' -382', ' 2014', ' -79', ' -101', ' -146', ' -104', ' -2017', ' -104']","[' -28', ' 10', ' -79', ' 504', ' 1712', ' -780', ' 74', ' -112', ' -48']",pinch2finger,False
15:44:06.872566,"['-6', ' -366', ' 2005', ' -79', ' -101', ' -146', ' -103', ' -2014', ' -92']","[' -51', ' 9', ' -67', ' 517', ' 1707', ' -776', ' 80', ' -99', ' -42']",pinch2finger,False
15:44:06.876556,"['6', ' -365', ' 2003', ' -79', ' -101', ' -146', ' -102', ' -2013', ' -92']","[' -63', ' 7', ' -73', ' 504', ' 1705', ' -745', ' 87', ' -79', ' -19']",pinch2finger,False
15:44:06.881058,"['-6', ' -345', ' 1989', ' -79', ' -101', ' -146', ' -102', ' -1993', ' -80']","[' -66', ' 2', ' -56', ' 499', ' 1711', ' -750', ' 98', ' -76', ' -17']",pinch2finger,False
15:44:06.885048,"['-11', ' -311', ' 2011', ' -79', ' -101', ' -146', ' -101', ' -1995', ' -66']","[' -96', ' -2', ' -55', ' 473', ' 1711', ' -759', ' 106', ' -62', ' -5']",pinch2finger,False
15:44:06.889037,"['-49', ' -294', ' 1995', ' -79', ' -101', ' -146', ' -105', ' -2004', ' -52']","[' -122', ' -10', ' -58', ' 472', ' 1683', ' -736', ' 132', ' -44', ' -12']",pinch2finger,False
15:44:06.893026,"['-40', ' -321', ' 1994', ' -79', ' -101', ' -146', ' -110', ' -2007', ' -62']","[' -129', ' -11', ' -61', ' 469', ' 1703', ' -721', ' 146', ' -55', ' -4']",pinch2finger,False
15:44:06.896023,"['-48', ' -302', ' 1989', ' -79', ' -101', ' -146', ' -164', ' -1984', ' -65']","[' -153', ' -19', ' -75', ' 492', ' 1695', ' -729', ' 161', ' -36', ' -4']",pinch2finger,False
15:44:06.900013,"['-49', ' -319', ' 1989', ' -37', ' -193', ' -152', ' -103', ' -2030', ' -79']","[' -182', ' -16', ' -77', ' 505', ' 1700', ' -751', ' 180', ' -46', ' -7']",pinch2finger,False
15:44:06.904002,"['-87', ' -354', ' 2013', ' -37', ' -193', ' -152', ' -104', ' -2064', ' -91']","[' -187', ' -26', ' -85', ' 497', ' 1701', ' -776', ' 195', ' -44', ' -23']",pinch2finger,False
15:44:06.907991,"['-49', ' -383', ' 2024', ' -37', ' -193', ' -152', ' -110', ' -2033', ' -95']","[' -181', ' -25', ' -85', ' 495', ' 1722', ' -809', ' 207', ' -53', ' -29']",pinch2finger,False
15:44:06.911981,"['-43', ' -417', ' 2036', ' -37', ' -193', ' -152', ' -96', ' -2071', ' -127']","[' -177', ' -19', ' -95', ' 506', ' 1734', ' -829', ' 197', ' -64', ' -44']",pinch2finger,False
15:44:06.915970,"['-27', ' -451', ' 2044', ' -37', ' -193', ' -152', ' -84', ' -2083', ' -147']","[' -161', ' -11', ' -97', ' 506', ' 1741', ' -809', ' 194', ' -64', ' -61']",pinch2finger,False
15:44:06.919960,"['7', ' -438', ' 2027', ' -37', ' -193', ' -152', ' -73', ' -2074', ' -147']","[' -142', ' -9', ' -105', ' 512', ' 1735', ' -838', ' 197', ' -74', ' -73']",pinch2finger,False
15:44:06.923948,"['-1', ' -416', ' 2057', ' -37', ' -193', ' -152', ' -77', ' -2084', ' -126']","[' -139', ' 4', ' -95', ' 492', ' 1750', ' -823', ' 182', ' -67', ' -62']",pinch2finger,False
15:44:06.927938,"['45', ' -419', ' 2035', ' -37', ' -193', ' -152', ' -76', ' -2083', ' -125']","[' -114', ' 0', ' -86', ' 488', ' 1732', ' -824', ' 174', ' -66', ' -54']",pinch2finger,False
15:44:06.931927,"['38', ' -399', ' 2030', ' -37', ' -193', ' -152', ' -76', ' -2085', ' -102']","[' -122', ' 8', ' -86', ' 483', ' 1736', ' -822', ' 169', ' -54', ' -23']",pinch2finger,False
15:44:06.935917,"['4', ' -530', ' 2021', ' -37', ' -193', ' -152', ' -55', ' -2076', ' -120']","[' -103', ' 9', ' -64', ' 444', ' 1614', ' -839', ' 177', ' -52', ' -20']",pinch2finger,False
15:44:06.939901,"['-133', ' -296', ' 2101', ' -54', ' -183', ' -101', ' -112', ' -2069', ' -131']","[' -95', ' -1', ' -80', ' 528', ' 1760', ' -852', ' 161', ' -24', ' -1']",pinch2finger,False
15:44:06.943897,"['50', ' -476', ' 2078', ' -54', ' -183', ' -101', ' -88', ' -2091', ' -131']","[' -114', ' -2', ' -62', ' 489', ' 1768', ' -880', ' 144', ' -14', ' 15']",pinch2finger,False
15:44:06.947886,"['9', ' -546', ' 2086', ' -54', ' -183', ' -101', ' -99', ' -2084', ' -129']","[' -89', ' -5', ' -60', ' 475', ' 1735', ' -841', ' 135', ' -15', ' 24']",pinch2finger,False
15:44:06.951869,"['-6', ' -357', ' 2045', ' -54', ' -183', ' -101', ' -66', ' -2123', ' -138']","[' -77', ' -5', ' -54', ' 473', ' 1749', ' -898', ' 125', ' -13', ' 13']",pinch2finger,False
15:44:06.955858,"['-5', ' -589', ' 2109', ' -54', ' -183', ' -101', ' -62', ' -2101', ' -158']","[' -76', ' 14', ' -64', ' 448', ' 1790', ' -916', ' 101', ' -20', ' 13']",pinch2finger,False
15:44:06.959848,"['-1', ' -450', ' 2084', ' -54', ' -183', ' -101', ' -63', ' -2082', ' -160']","[' -53', ' 17', ' -39', ' 484', ' 1766', ' -883', ' 84', ' -25', ' 31']",pinch2finger,False
15:44:06.962844,"['58', ' -434', ' 2075', ' -54', ' -183', ' -101', ' -39', ' -2087', ' -152']","[' -50', ' 29', ' -48', ' 496', ' 1768', ' -870', ' 70', ' -45', ' 28']",pinch2finger,False
15:44:06.966843,"['75', ' -484', ' 2049', ' -54', ' -183', ' -101', ' -28', ' -2134', ' -129']","[' -8', ' 43', ' -36', ' 444', ' 1750', ' -870', ' 70', ' -62', ' 24']",pinch2finger,False
15:44:06.970828,"['-22', ' -455', ' 2063', ' -54', ' -183', ' -101', ' -45', ' -2065', ' -132']","[' -14', ' 56', ' -36', ' 398', ' 1765', ' -879', ' 73', ' -72', ' 27']",pinch2finger,False
15:44:06.974818,"['18', ' -405', ' 2064', ' -54', ' -183', ' -101', ' -46', ' -2129', ' -122']","[' 6', ' 61', ' -40', ' 462', ' 1720', ' -835', ' 69', ' -114', ' 11']",pinch2finger,False
15:44:06.979317,"['-61', ' -385', ' 2096', ' -82', ' -117', ' -45', ' -50', ' -1965', ' -135']","[' 0', ' 64', ' -47', ' 491', ' 1769', ' -897', ' 68', ' -90', ' 7']",pinch2finger,False
15:44:06.983305,"['-86', ' -472', ' 2077', ' -82', ' -117', ' -45', ' -88', ' -2086', ' -140']","[' -29', ' 63', ' -39', ' 505', ' 1740', ' -855', ' 41', ' -96', ' 4']",pinch2finger,False
15:44:06.987294,"['-47', ' -439', ' 2038', ' -82', ' -117', ' -45', ' -99', ' -2093', ' -147']","[' 3', ' 56', ' -39', ' 525', ' 1734', ' -828', ' 55', ' -93', ' -15']",pinch2finger,False
15:44:06.991286,"['2', ' -392', ' 2035', ' -82', ' -117', ' -45', ' -115', ' -2070', ' -125']","[' 9', ' 45', ' -46', ' 551', ' 1718', ' -840', ' 54', ' -95', ' -22']",pinch2finger,False
15:44:06.994277,"['-53', ' -451', ' 2056', ' -82', ' -117', ' -45', ' -93', ' -2082', ' -117']","[' 8', ' 59', ' -45', ' 494', ' 1726', ' -824', ' 54', ' -68', ' -28']",pinch2finger,False
15:44:06.998266,"['-23', ' -496', ' 2054', ' -82', ' -117', ' -45', ' -116', ' -2073', ' -115']","[' 22', ' 46', ' -41', ' 523', ' 1727', ' -837', ' 51', ' -75', ' -33']",pinch2finger,False
15:44:07.002255,"['-54', ' -405', ' 2063', ' -82', ' -117', ' -45', ' -87', ' -2036', ' -116']","[' 14', ' 39', ' -26', ' 567', ' 1725', ' -827', ' 55', ' -40', ' -27']",pinch2finger,False
15:44:07.006245,"['-35', ' -425', ' 2077', ' -82', ' -117', ' -45', ' -118', ' -2062', ' -115']","[' 3', ' 30', ' -34', ' 529', ' 1677', ' -850', ' 53', ' -25', ' -18']",pinch2finger,False
15:44:07.010234,"['-24', ' -408', ' 2058', ' -82', ' -117', ' -45', ' -57', ' -2060', ' -98']","[' -5', ' 14', ' -19', ' 481', ' 1864', ' -808', ' 139', ' -10', ' -46']",pinch2finger,False
15:44:07.014223,"['-28', ' -397', ' 2058', ' -82', ' -117', ' -45', ' -76', ' -2058', ' -99']","[' -8', ' 13', ' -3', ' 439', ' 1695', ' -816', ' 19', ' -12', ' -4']",pinch2finger,False
15:44:07.018217,"['52', ' -377', ' 2039', ' -72', ' -16', ' -18', ' -62', ' -2029', ' -114']","[' -12', ' 21', ' -10', ' 622', ' 1592', ' -733', ' 32', ' -101', ' -30']",pinch2finger,False
15:44:07.022206,"['-15', ' -358', ' 2035', ' -72', ' -16', ' -18', ' -66', ' -2021', ' -92']","[' -28', ' 29', ' -1', ' 488', ' 1695', ' -812', ' 24', ' 17', ' 32']",pinch2finger,False
15:44:07.026195,"['-22', ' -354', ' 2024', ' -72', ' -16', ' -18', ' -90', ' -2057', ' -96']","[' -33', ' 39', ' 18', ' 459', ' 1716', ' -804', ' 52', ' -42', ' 25']",pinch2finger,False
15:44:07.030185,"['-99', ' -407', ' 2039', ' -72', ' -16', ' -18', ' -100', ' -2039', ' -103']","[' -34', ' 17', ' 9', ' 568', ' 1713', ' -845', ' 44', ' -5', ' 39']",pinch2finger,False
15:44:07.034175,"['-51', ' -393', ' 2033', ' -72', ' -16', ' -18', ' -109', ' -2059', ' -108']","[' -36', ' 8', ' 11', ' 507', ' 1722', ' -834', ' 58', ' -9', ' 18']",pinch2finger,False
15:44:07.038159,"['-78', ' -450', ' 2009', ' -72', ' -16', ' -18', ' -106', ' -2044', ' -121']","[' -32', ' 7', ' 7', ' 509', ' 1706', ' -829', ' 42', ' 0', ' 19']",pinch2finger,False
15:44:07.042148,"['-71', ' -453', ' 2017', ' -72', ' -16', ' -18', ' -109', ' -2049', ' -125']","[' -25', ' 7', ' -4', ' 546', ' 1718', ' -832', ' 34', ' 1', ' 3']",pinch2finger,False
15:44:07.046138,"['-73', ' -437', ' 2050', ' -72', ' -16', ' -18', ' -94', ' -2072', ' -135']","[' -20', ' 18', ' -8', ' 508', ' 1732', ' -845', ' 37', ' -13', ' -5']",pinch2finger,False
15:44:07.050127,"['-37', ' -446', ' 2019', ' -72', ' -16', ' -18', ' -91', ' -2098', ' -129']","[' 0', ' 22', ' -26', ' 498', ' 1706', ' -835', ' 44', ' -27', ' -7']",pinch2finger,False
15:44:07.054117,"['4', ' -405', ' 2011', ' -72', ' -16', ' -18', ' -75', ' -2066', ' -117']","[' 32', ' 38', ' -27', ' 495', ' 1724', ' -824', ' 20', ' -31', ' -5']",pinch2finger,False
15:44:07.057109,"['-8', ' -401', ' 2015', ' -34', ' 56', ' -19', ' -74', ' -2098', ' -109']","[' 49', ' 43', ' -23', ' 468', ' 1707', ' -778', ' 32', ' -54', ' -13']",pinch2finger,False
15:44:07.061102,"['-12', ' -405', ' 2013', ' -34', ' 56', ' -19', ' -77', ' -2040', ' -95']","[' 45', ' 52', ' -26', ' 473', ' 1712', ' -796', ' 33', ' -65', ' 3']",pinch2finger,False
15:44:07.065094,"['-21', ' -372', ' 2002', ' -34', ' 56', ' -19', ' -109', ' -2047', ' -95']","[' 54', ' 52', ' -32', ' 512', ' 1707', ' -797', ' 35', ' -73', ' 2']",pinch2finger,False
15:44:07.069083,"['-57', ' -411', ' 2002', ' -34', ' 56', ' -19', ' -111', ' -2027', ' -82']","[' 38', ' 57', ' -23', ' 525', ' 1715', ' -815', ' 22', ' -38', ' 15']",pinch2finger,False
15:44:07.073073,"['-30', ' -395', ' 2002', ' -34', ' 56', ' -19', ' -151', ' -2091', ' -98']","[' 35', ' 42', ' -24', ' 530', ' 1698', ' -786', ' 42', ' -36', ' 13']",pinch2finger,False
15:44:07.077302,"['31', ' -377', ' 1981', ' -34', ' 56', ' -19', ' -138', ' -2031', ' -90']","[' 71', ' -15', ' -72', ' 543', ' 1701', ' -805', ' 48', ' -37', ' 20']",pinch2finger,False
15:44:07.080920,"['-259', ' -354', ' 2179', ' -34', ' 56', ' -19', ' -135', ' -1963', ' -85']","[' -11', ' 49', ' -17', ' 513', ' 1754', ' -858', ' 44', ' -10', ' 2']",pinch2finger,False
15:44:07.084909,"['-134', ' -413', ' 2083', ' -34', ' 56', ' -19', ' -92', ' -2066', ' -107']","[' -12', ' 34', ' -13', ' 495', ' 1727', ' -790', ' 26', ' -3', ' -5']",pinch2finger,False
15:44:07.088899,"['-63', ' -368', ' 2028', ' -34', ' 56', ' -19', ' -78', ' -2026', ' -118']","[' 24', ' 31', ' -24', ' 510', ' 1724', ' -831', ' 28', ' 5', ' 6']",pinch2finger,False
15:44:07.092883,"['-46', ' -393', ' 2055', ' -34', ' 56', ' -19', ' -89', ' -2050', ' -90']","[' 2', ' 46', ' -26', ' 488', ' 1713', ' -804', ' 18', ' 5', ' 13']",pinch2finger,False
15:44:07.096872,"['-124', ' -417', ' 2063', ' -34', ' 56', ' -19', ' -99', ' -2035', ' -80']","[' 4', ' 41', ' -15', ' 480', ' 1733', ' -813', ' 14', ' 18', ' 16']",pinch2finger,False
15:44:07.100862,"['-124', ' -365', ' 2062', ' -9', ' 102', ' -14', ' -101', ' -2027', ' -66']","[' -4', ' 33', ' -21', ' 526', ' 1709', ' -791', ' 9', ' 24', ' 9']",pinch2finger,False
15:44:07.103858,"['-55', ' -344', ' 2021', ' -9', ' 102', ' -14', ' -101', ' -2030', ' -65']","[' 0', ' 34', ' -14', ' 501', ' 1710', ' -767', ' 13', ' 43', ' 18']",pinch2finger,False
15:44:07.107848,"['-38', ' -345', ' 2021', ' -9', ' 102', ' -14', ' -84', ' -2043', ' -71']","[' -9', ' 34', ' -14', ' 499', ' 1713', ' -766', ' 22', ' 43', ' 19']",pinch2finger,False
15:44:07.111837,"['-78', ' -358', ' 2025', ' -9', ' 102', ' -14', ' -113', ' -2024', ' -70']","[' -17', ' 23', ' -6', ' 495', ' 1698', ' -784', ' 24', ' 57', ' 25']",pinch2finger,False
15:44:07.115826,"['-58', ' -366', ' 1992', ' -9', ' 102', ' -14', ' -98', ' -2030', ' -83']","[' -19', ' 8', ' -11', ' 528', ' 1713', ' -771', ' 37', ' 56', ' 22']",pinch2finger,False
15:44:07.119816,"['-95', ' -365', ' 2053', ' -9', ' 102', ' -14', ' -122', ' -2047', ' -77']","[' -38', ' 13', ' -6', ' 541', ' 1738', ' -795', ' 46', ' 85', ' 24']",pinch2finger,False
15:44:07.123837,"['-99', ' -396', ' 2048', ' -9', ' 102', ' -14', ' -110', ' -2063', ' -71']","[' -49', ' 1', ' -8', ' 498', ' 1726', ' -809', ' 40', ' 85', ' 32']",pinch2finger,False
15:44:07.127857,"['-74', ' -398', ' 2010', ' -9', ' 102', ' -14', ' -94', ' -2028', ' -79']","[' -41', ' 3', ' 2', ' 504', ' 1712', ' -808', ' 58', ' 95', ' 39']",pinch2finger,False
15:44:07.131840,"['-101', ' -396', ' 2053', ' -9', ' 102', ' -14', ' -95', ' -2064', ' -64']","[' -54', ' -1', ' 4', ' 515', ' 1729', ' -803', ' 67', ' 85', ' 34']",pinch2finger,False
15:44:07.135830,"['-74', ' -369', ' 2052', ' -9', ' 102', ' -14', ' -90', ' -2039', ' -83']","[' -62', ' -17', ' 12', ' 487', ' 1751', ' -824', ' 59', ' 102', ' 36']",pinch2finger,False
15:44:07.139819,"['-60', ' -369', ' 2040', ' -3', ' 150', ' -7', ' -84', ' -2046', ' -88']","[' -66', ' -11', ' 22', ' 477', ' 1725', ' -813', ' 75', ' 99', ' 38']",pinch2finger,False
15:44:07.142816,"['-59', ' -366', ' 2041', ' -3', ' 150', ' -7', ' -77', ' -2057', ' -76']","[' -66', ' -2', ' 24', ' 485', ' 1720', ' -805', ' 68', ' 96', ' 65']",pinch2finger,False
15:44:07.146805,"['-112', ' -391', ' 2065', ' -3', ' 150', ' -7', ' -89', ' -2046', ' -74']","[' -74', ' -7', ' 8', ' 483', ' 1723', ' -832', ' 73', ' 84', ' 55']",pinch2finger,False
15:44:07.150795,"['-88', ' -406', ' 2033', ' -3', ' 150', ' -7', ' -91', ' -2073', ' -109']","[' -74', ' -13', ' 17', ' 530', ' 1728', ' -820', ' 90', ' 79', ' 39']",pinch2finger,False
15:44:07.154784,"['-109', ' -412', ' 2057', ' -3', ' 150', ' -7', ' -73', ' -2070', ' -114']","[' -68', ' -2', ' 10', ' 507', ' 1728', ' -814', ' 75', ' 94', ' 45']",pinch2finger,False
15:44:07.158773,"['-8', ' -419', ' 2012', ' -3', ' 150', ' -7', ' -71', ' -2068', ' -116']","[' -60', ' -9', ' 15', ' 491', ' 1729', ' -828', ' 82', ' 80', ' 49']",pinch2finger,False
15:44:07.162763,"['-21', ' -448', ' 2025', ' -3', ' 150', ' -7', ' -81', ' -2071', ' -114']","[' -54', ' 0', ' 16', ' 488', ' 1714', ' -853', ' 74', ' 76', ' 53']",pinch2finger,False
15:44:07.166757,"['-4', ' -464', ' 2001', ' -3', ' 150', ' -7', ' -79', ' -2068', ' -123']","[' -27', ' 12', ' 9', ' 499', ' 1747', ' -848', ' 71', ' 58', ' 50']",pinch2finger,False
15:44:07.170751,"['-15', ' -480', ' 2021', ' -3', ' 150', ' -7', ' -109', ' -2114', ' -128']","[' -3', ' 1', ' 8', ' 535', ' 1737', ' -881', ' 72', ' 57', ' 46']",pinch2finger,False
15:44:07.174736,"['-5', ' -495', ' 2024', ' -3', ' 150', ' -7', ' -110', ' -2143', ' -145']","[' 12', ' 9', ' 16', ' 530', ' 1753', ' -883', ' 56', ' 66', ' 60']",pinch2finger,False
15:44:07.178236,"['-319', ' -425', ' 2141', ' -18', ' 174', ' 11', ' -84', ' -2026', ' -140']","[' -26', ' 17', ' 22', ' 516', ' 1749', ' -891', ' 29', ' 79', ' 43']",pinch2finger,False
15:44:07.182232,"['-119', ' -462', ' 2089', ' -18', ' 174', ' 11', ' -89', ' -2070', ' -141']","[' -18', ' 20', ' 19', ' 523', ' 1725', ' -879', ' 31', ' 75', ' 23']",pinch2finger,False
15:44:07.186222,"['-198', ' -402', ' 2118', ' -18', ' 174', ' 11', ' -72', ' -2040', ' -120']","[' -22', ' 14', ' 17', ' 490', ' 1727', ' -885', ' 9', ' 82', ' 40']",pinch2finger,False
15:44:07.190207,"['-99', ' -405', ' 2058', ' -18', ' 174', ' 11', ' -65', ' -2053', ' -117']","[' -22', ' 8', ' 16', ' 467', ' 1728', ' -850', ' 14', ' 64', ' 39']",pinch2finger,False
15:44:07.194196,"['-112', ' -402', ' 2056', ' -18', ' 174', ' 11', ' -84', ' -2042', ' -96']","[' -39', ' 16', ' 21', ' 471', ' 1716', ' -834', ' 16', ' 61', ' 38']",pinch2finger,False
15:44:07.197188,"['-109', ' -398', ' 2052', ' -18', ' 174', ' 11', ' -77', ' -2069', ' -103']","[' -48', ' 24', ' 12', ' 517', ' 1713', ' -834', ' 21', ' 42', ' 32']",pinch2finger,False
15:44:07.201178,"['-114', ' -405', ' 2055', ' -18', ' 174', ' 11', ' -84', ' -2086', ' -100']","[' -45', ' 19', ' 5', ' 493', ' 1708', ' -837', ' 23', ' 54', ' 38']",pinch2finger,False
15:44:07.205166,"['-107', ' -429', ' 2034', ' -18', ' 174', ' 11', ' -82', ' -2073', ' -99']","[' -48', ' 30', ' 0', ' 509', ' 1743', ' -849', ' 16', ' 44', ' 33']",pinch2finger,False
15:44:07.209156,"['-110', ' -434', ' 2045', ' -18', ' 174', ' 11', ' -86', ' -2068', ' -100']","[' -34', ' 20', ' 3', ' 498', ' 1734', ' -857', ' 10', ' 41', ' 25']",pinch2finger,False
15:44:07.213145,"['-96', ' -433', ' 2062', ' -18', ' 174', ' 11', ' -88', ' -2071', ' -105']","[' -38', ' 32', ' -1', ' 472', ' 1725', ' -855', ' 11', ' 41', ' 38']",pinch2finger,False
15:44:07.217134,"['-95', ' -427', ' 2050', ' -18', ' 174', ' 11', ' -87', ' -2076', ' -117']","[' -33', ' 35', ' 5', ' 480', ' 1727', ' -849', ' 6', ' 41', ' 31']",pinch2finger,False
15:44:07.221124,"['-102', ' -410', ' 2057', ' -26', ' 201', ' 35', ' -83', ' -2065', ' -104']","[' -39', ' 40', ' 6', ' 507', ' 1706', ' -848', ' 2', ' 31', ' 21']",pinch2finger,False
15:44:07.225113,"['-112', ' -418', ' 2031', ' -26', ' 201', ' 35', ' -89', ' -2061', ' -121']","[' -38', ' 22', ' 5', ' 520', ' 1719', ' -842', ' 6', ' 30', ' 17']",pinch2finger,False
15:44:07.229101,"['-133', ' -421', ' 2030', ' -26', ' 201', ' 35', ' -127', ' -2085', ' -124']","[' -32', ' 17', ' 12', ' 555', ' 1711', ' -851', ' 0', ' 34', ' 11']",pinch2finger,False
15:44:07.233091,"['-146', ' -432', ' 2028', ' -26', ' 201', ' 35', ' -104', ' -2052', ' -119']","[' -23', ' 20', ' -2', ' 529', ' 1714', ' -849', ' 13', ' 29', ' 5']",pinch2finger,False
15:44:07.237081,"['-122', ' -426', ' 2041', ' -26', ' 201', ' 35', ' -102', ' -2064', ' -111']","[' -37', ' 14', ' 0', ' 510', ' 1708', ' -841', ' 2', ' 29', ' 6']",pinch2finger,False
15:44:07.240072,"['-119', ' -405', ' 2025', ' -26', ' 201', ' 35', ' -80', ' -2075', ' -116']","[' -38', ' 16', ' -11', ' 518', ' 1702', ' -843', ' 5', ' 21', ' -9']",pinch2finger,False
15:44:07.244067,"['-124', ' -406', ' 2027', ' -26', ' 201', ' 35', ' -94', ' -2061', ' -105']","[' -32', ' 19', ' -14', ' 495', ' 1717', ' -834', ' 3', ' 14', ' -7']",pinch2finger,False
15:44:07.248056,"['-115', ' -405', ' 2041', ' -26', ' 201', ' 35', ' -99', ' -2053', ' -101']","[' -30', ' 15', ' -4', ' 501', ' 1713', ' -824', ' 17', ' 13', ' -1']",pinch2finger,False
15:44:07.252045,"['-131', ' -379', ' 2024', ' -26', ' 201', ' 35', ' -105', ' -2060', ' -119']","[' -31', ' 21', ' -13', ' 522', ' 1703', ' -822', ' 15', ' 11', ' -1']",pinch2finger,False
15:44:07.256035,"['-138', ' -419', ' 2050', ' -26', ' 201', ' 35', ' -112', ' -2078', ' -114']","[' -32', ' 15', ' -17', ' 549', ' 1704', ' -833', ' 18', ' 13', ' -11']",pinch2finger,False
15:44:07.260024,"['-128', ' -428', ' 2046', ' -9', ' 194', ' 30', ' -112', ' -2071', ' -119']","[' -32', ' 22', ' -20', ' 534', ' 1710', ' -856', ' 25', ' -8', ' -9']",pinch2finger,False
15:44:07.264015,"['-121', ' -436', ' 2053', ' -9', ' 194', ' 30', ' -105', ' -2097', ' -128']","[' -27', ' 15', ' -14', ' 531', ' 1735', ' -870', ' 31', ' -8', ' -16']",pinch2finger,False
15:44:07.268005,"['-117', ' -487', ' 2055', ' -9', ' 194', ' 30', ' -102', ' -2095', ' -135']","[' -23', ' 16', ' -23', ' 538', ' 1739', ' -872', ' 15', ' -6', ' -17']",pinch2finger,False
15:44:07.271995,"['-131', ' -446', ' 2057', ' -9', ' 194', ' 30', ' -102', ' -2091', ' -124']","[' -6', ' 9', ' -23', ' 519', ' 1743', ' -876', ' 4', ' -12', ' -17']",pinch2finger,False
15:44:07.275980,"['-112', ' -462', ' 2051', ' -9', ' 194', ' 30', ' -81', ' -2068', ' -133']","[' -13', ' 32', ' -30', ' 509', ' 1742', ' -867', ' -6', ' 1', ' -18']",pinch2finger,False
15:44:07.279503,"['-89', ' -455', ' 2083', ' -9', ' 194', ' 30', ' -76', ' -2099', ' -124']","[' -5', ' 32', ' -28', ' 482', ' 1750', ' -877', ' -8', ' -17', ' -15']",pinch2finger,False
15:44:07.283492,"['-79', ' -422', ' 2077', ' -9', ' 194', ' 30', ' -61', ' -2097', ' -120']","[' 0', ' 36', ' -31', ' 521', ' 1729', ' -859', ' -31', ' -26', ' -8']",pinch2finger,False
15:44:07.287482,"['-91', ' -425', ' 2058', ' -9', ' 194', ' 30', ' -92', ' -2068', ' -122']","[' 3', ' 47', ' -32', ' 521', ' 1729', ' -868', ' -10', ' -25', ' -3']",pinch2finger,False
15:44:07.291472,"['-108', ' -429', ' 2056', ' -9', ' 194', ' 30', ' -95', ' -2080', ' -114']","[' -4', ' 46', ' -24', ' 538', ' 1729', ' -850', ' -14', ' -21', ' -9']",pinch2finger,False
15:44:07.295461,"['-121', ' -447', ' 2058', ' -9', ' 194', ' 30', ' -91', ' -2079', ' -102']","[' 7', ' 33', ' -14', ' 549', ' 1742', ' -845', ' -30', ' -13', ' -2']",pinch2finger,False
15:44:07.299450,"['-92', ' -429', ' 2056', ' 0', ' 96', ' 7', ' -80', ' -2063', ' -109']","[' 4', ' 21', ' -5', ' 533', ' 1734', ' -860', ' -18', ' 4', ' -11']",pinch2finger,False
15:44:07.303434,"['-110', ' -401', ' 2048', ' 0', ' 96', ' 7', ' -74', ' -2077', ' -114']","[' 5', ' 11', ' 9', ' 519', ' 1732', ' -832', ' -26', ' 4', ' 0']",pinch2finger,False
15:44:07.307424,"['-66', ' -419', ' 2033', ' 0', ' 96', ' 7', ' -77', ' -2058', ' -99']","[' -2', ' 12', ' 4', ' 505', ' 1732', ' -836', ' -17', ' 4', ' -2']",pinch2finger,False
15:44:07.310671,"['-89', ' -412', ' 2053', ' 0', ' 96', ' 7', ' -74', ' -2049', ' -102']","[' -4', ' 9', ' 18', ' 506', ' 1719', ' -820', ' -15', ' 16', ' 4']",pinch2finger,False
15:44:07.314652,"['-101', ' -388', ' 2047', ' 0', ' 96', ' 7', ' -87', ' -2065', ' -81']","[' -2', ' 6', ' 21', ' 503', ' 1714', ' -829', ' -16', ' 15', ' -1']",pinch2finger,False
15:44:07.318647,"['-120', ' -406', ' 2034', ' 0', ' 96', ' 7', ' -89', ' -2054', ' -89']","[' -10', ' -4', ' 25', ' 499', ' 1693', ' -821', ' -2', ' 11', ' -2']",pinch2finger,False
15:44:07.322208,"['-107', ' -370', ' 2032', ' 0', ' 96', ' 7', ' -80', ' -2047', ' -96']","[' -9', ' -10', ' 19', ' 505', ' 1699', ' -830', ' 0', ' 5', ' -1']",pinch2finger,False
15:44:07.326252,"['-134', ' -393', ' 2031', ' 0', ' 96', ' 7', ' -89', ' -2061', ' -92']","[' -10', ' -13', ' 14', ' 520', ' 1714', ' -824', ' -1', ' 1', ' -24']",pinch2finger,False
15:44:07.330249,"['-106', ' -408', ' 2046', ' 0', ' 96', ' 7', ' -89', ' -2062', ' -103']","[' -8', ' -15', ' 13', ' 535', ' 1723', ' -824', ' 8', ' 6', ' -16']",pinch2finger,False
15:44:07.334183,"['-111', ' -410', ' 2028', ' 0', ' 96', ' 7', ' -84', ' -2046', ' -118']","[' -7', ' -6', ' 10', ' 515', ' 1694', ' -813', ' -3', ' -4', ' -27']",pinch2finger,False
15:44:07.338173,"['-122', ' -391', ' 1996', ' 3', ' 8', ' -11', ' -92', ' -2039', ' -104']","[' -5', ' -12', ' 13', ' 493', ' 1711', ' -821', ' 11', ' -2', ' -19']",pinch2finger,False
15:44:07.342163,"['-124', ' -398', ' 2011', ' 3', ' 8', ' -11', ' -81', ' -2049', ' -87']","[' -4', ' 17', ' -5', ' 469', ' 1696', ' -810', ' -6', ' -18', ' -26']",pinch2finger,False
15:44:07.346165,"['-114', ' -379', ' 2008', ' 3', ' 8', ' -11', ' -67', ' -2032', ' -68']","[' -4', ' 10', ' -7', ' 487', ' 1702', ' -794', ' 24', ' -34', ' -34']",pinch2finger,False
15:44:07.350136,"['-125', ' -359', ' 1996', ' 3', ' 8', ' -11', ' -87', ' -2037', ' -76']","[' -16', ' 30', ' -15', ' 494', ' 1695', ' -774', ' 16', ' -27', ' -38']",pinch2finger,False
15:44:07.354125,"['-115', ' -353', ' 1989', ' 3', ' 8', ' -11', ' -97', ' -2009', ' -80']","[' -14', ' 29', ' -30', ' 491', ' 1700', ' -786', ' 22', ' -45', ' -30']",pinch2finger,False
15:44:07.358115,"['-115', ' -350', ' 1995', ' 3', ' 8', ' -11', ' -86', ' -2018', ' -70']","[' -38', ' 33', ' -41', ' 511', ' 1693', ' -773', ' 29', ' -47', ' -24']",pinch2finger,False
15:44:07.361108,"['-113', ' -349', ' 1995', ' 3', ' 8', ' -11', ' -86', ' -2042', ' -84']","[' -49', ' 42', ' -33', ' 487', ' 1691', ' -807', ' 44', ' -42', ' -33']",pinch2finger,False
15:44:07.365100,"['-84', ' -367', ' 2020', ' 3', ' 8', ' -11', ' -86', ' -2026', ' -96']","[' -50', ' 35', ' -30', ' 511', ' 1717', ' -802', ' 59', ' -36', ' -19']",pinch2finger,False
15:44:07.369090,"['-94', ' -395', ' 2030', ' 3', ' 8', ' -11', ' -95', ' -2047', ' -91']","[' -63', ' 30', ' -18', ' 522', ' 1713', ' -811', ' 53', ' -38', ' -11']",pinch2finger,False
15:44:07.373078,"['-118', ' -445', ' 2030', ' 3', ' 8', ' -11', ' -89', ' -2056', ' -89']","[' -70', ' 26', ' -25', ' 519', ' 1722', ' -839', ' 61', ' -19', ' -21']",pinch2finger,False
15:44:07.377122,"['-92', ' -408', ' 2043', ' 3', ' 8', ' -11', ' -112', ' -2067', ' -93']","[' -68', ' 25', ' -20', ' 496', ' 1721', ' -838', ' 42', ' -9', ' -6']",pinch2finger,False
15:44:07.380659,"['-86', ' -430', ' 2037', ' 11', ' -19', ' -17', ' -89', ' -2063', ' -98']","[' -66', ' 18', ' -17', ' 544', ' 1744', ' -843', ' 50', ' -2', ' -11']",pinch2finger,False
15:44:07.384653,"['-98', ' -419', ' 2038', ' 11', ' -19', ' -17', ' -91', ' -2061', ' -111']","[' -58', ' 18', ' -4', ' 520', ' 1725', ' -840', ' 55', ' 8', ' 0']",pinch2finger,False
15:44:07.388642,"['-95', ' -429', ' 2040', ' 11', ' -19', ' -17', ' -104', ' -2062', ' -138']","[' -49', ' 17', ' -1', ' 504', ' 1731', ' -842', ' 24', ' 6', ' 2']",pinch2finger,False
15:44:07.392632,"['-96', ' -421', ' 2041', ' 11', ' -19', ' -17', ' -88', ' -2050', ' -90']","[' -60', ' 6', ' -6', ' 521', ' 1729', ' -823', ' 27', ' 17', ' -10']",pinch2finger,False
15:44:07.396616,"['-115', ' -404', ' 2039', ' 11', ' -19', ' -17', ' -104', ' -2071', ' -103']","[' -54', ' 25', ' -1', ' 517', ' 1710', ' -833', ' 32', ' 13', ' -2']",pinch2finger,False
15:44:07.400606,"['-111', ' -406', ' 2035', ' 11', ' -19', ' -17', ' -105', ' -2064', ' -112']","[' -50', ' 20', ' 0', ' 526', ' 1710', ' -820', ' 26', ' 12', ' 0']",pinch2finger,False
15:44:07.404595,"['-127', ' -407', ' 2031', ' 11', ' -19', ' -17', ' -90', ' -2069', ' -101']","[' -43', ' 16', ' -6', ' 515', ' 1702', ' -807', ' 25', ' 7', ' -7']",pinch2finger,False
15:44:07.408584,"['-112', ' -409', ' 2037', ' 11', ' -19', ' -17', ' -94', ' -2055', ' -106']","[' -53', ' 29', ' -11', ' 540', ' 1724', ' -823', ' 23', ' 9', ' -7']",pinch2finger,False
15:44:07.412574,"['-128', ' -400', ' 2034', ' 11', ' -19', ' -17', ' -113', ' -2061', ' -128']","[' -44', ' 41', ' -13', ' 523', ' 1714', ' -820', ' 26', ' 6', ' -10']",pinch2finger,False
15:44:07.416562,"['-119', ' -430', ' 2040', ' 11', ' -19', ' -17', ' -89', ' -2072', ' -102']","[' -42', ' 36', ' -29', ' 537', ' 1739', ' -833', ' 32', ' 0', ' -18']",pinch2finger,False
15:44:07.420553,"['-113', ' -442', ' 2041', ' 6', ' -25', ' -14', ' -93', ' -2048', ' -125']","[' -45', ' 27', ' -32', ' 496', ' 1725', ' -826', ' 25', ' 4', ' -17']",pinch2finger,False
15:44:07.424542,"['-106', ' -424', ' 2039', ' 6', ' -25', ' -14', ' -98', ' -2074', ' -103']","[' -39', ' 38', ' -31', ' 506', ' 1705', ' -825', ' 23', ' -7', ' -16']",pinch2finger,False
15:44:07.428530,"['-80', ' -417', ' 2045', ' 6', ' -25', ' -14', ' -82', ' -2062', ' -103']","[' -41', ' 43', ' -25', ' 535', ' 1726', ' -828', ' 11', ' -1', ' -8']",pinch2finger,False
15:44:07.432520,"['-105', ' -390', ' 2015', ' 6', ' -25', ' -14', ' -101', ' -2050', ' -95']","[' -47', ' 34', ' -22', ' 541', ' 1722', ' -828', ' 22', ' -3', ' -11']",pinch2finger,False
15:44:07.436509,"['-107', ' -422', ' 2058', ' 6', ' -25', ' -14', ' -98', ' -2070', ' -94']","[' -49', ' 28', ' -14', ' 543', ' 1715', ' -834', ' 24', ' 23', ' -3']",pinch2finger,False
15:44:07.440500,"['-112', ' -425', ' 2057', ' 6', ' -25', ' -14', ' -103', ' -2073', ' -96']","[' -50', ' 25', ' -16', ' 519', ' 1724', ' -837', ' 19', ' 20', ' -9']",pinch2finger,False
15:44:07.443496,"['-108', ' -441', ' 2051', ' 6', ' -25', ' -14', ' -85', ' -2080', ' -108']","[' -38', ' 18', ' -13', ' 510', ' 1728', ' -868', ' 19', ' 21', ' -20']",pinch2finger,False
15:44:07.447484,"['-99', ' -431', ' 2049', ' 6', ' -25', ' -14', ' -101', ' -2054', ' -126']","[' -35', ' 25', ' -17', ' 528', ' 1727', ' -856', ' 11', ' 23', ' -8']",pinch2finger,False
15:44:07.451474,"['-108', ' -439', ' 2026', ' 6', ' -25', ' -14', ' -94', ' -2052', ' -120']","[' -35', ' 27', ' -19', ' 515', ' 1704', ' -827', ' 8', ' 12', ' -7']",pinch2finger,False
15:44:07.455463,"['-115', ' -414', ' 2034', ' 6', ' -25', ' -14', ' -114', ' -2054', ' -105']","[' -31', ' 25', ' -12', ' 519', ' 1702', ' -815', ' 15', ' 23', ' -9']",pinch2finger,False
15:44:07.459452,"['-114', ' -402', ' 2035', ' -7', ' -18', ' -10', ' -111', ' -2052', ' -87']","[' -37', ' 18', ' -6', ' 520', ' 1713', ' -806', ' 15', ' 10', ' -3']",pinch2finger,False
15:44:07.463442,"['-128', ' -382', ' 2028', ' -7', ' -18', ' -10', ' -123', ' -2049', ' -94']","[' -37', ' 20', ' -4', ' 525', ' 1697', ' -805', ' 18', ' 23', ' -8']",pinch2finger,False
15:44:07.467440,"['-144', ' -383', ' 2018', ' -7', ' -18', ' -10', ' -115', ' -2060', ' -88']","[' -44', ' 23', ' -13', ' 522', ' 1699', ' -806', ' 17', ' 17', ' -29']",pinch2finger,False
15:44:07.471430,"['-129', ' -399', ' 2024', ' -7', ' -18', ' -10', ' -117', ' -2051', ' -106']","[' -54', ' 29', ' -17', ' 544', ' 1701', ' -804', ' 31', ' 8', ' -6']",pinch2finger,False
15:44:07.475415,"['-118', ' -400', ' 2013', ' -7', ' -18', ' -10', ' -117', ' -2034', ' -120']","[' -55', ' 25', ' -21', ' 537', ' 1709', ' -817', ' 40', ' -2', ' -4']",pinch2finger,False
15:44:07.478927,"['-148', ' -416', ' 2027', ' -7', ' -18', ' -10', ' -107', ' -2062', ' -89']","[' -58', ' 30', ' -34', ' 534', ' 1706', ' -832', ' 41', ' -6', ' -19']",pinch2finger,False
15:44:07.482920,"['-146', ' -416', ' 2028', ' -7', ' -18', ' -10', ' -119', ' -2058', ' -122']","[' -52', ' 29', ' -17', ' 540', ' 1710', ' -822', ' 43', ' -3', ' -13']",pinch2finger,False
15:44:07.486913,"['-127', ' -408', ' 2054', ' -7', ' -18', ' -10', ' -100', ' -2061', ' -107']","[' -53', ' 17', ' -28', ' 547', ' 1728', ' -829', ' 56', ' -9', ' -23']",pinch2finger,False
15:44:07.490899,"['-138', ' -433', ' 2034', ' -7', ' -18', ' -10', ' -113', ' -2069', ' -97']","[' -53', ' 24', ' -34', ' 541', ' 1705', ' -832', ' 39', ' -11', ' -31']",pinch2finger,False
15:44:07.494892,"['-137', ' -433', ' 2038', ' -7', ' -18', ' -10', ' -110', ' -2063', ' -121']","[' -44', ' 15', ' -37', ' 556', ' 1713', ' -830', ' 23', ' -16', ' -33']",pinch2finger,False
15:44:07.498882,"['-124', ' -419', ' 2045', ' -8', ' -4', ' -5', ' -108', ' -2068', ' -118']","[' -48', ' -2', ' -34', ' 549', ' 1718', ' -837', ' 45', ' 4', ' -31']",pinch2finger,False
15:44:07.502871,"['-103', ' -416', ' 2055', ' -8', ' -4', ' -5', ' -106', ' -2056', ' -117']","[' -47', ' 9', ' -29', ' 524', ' 1730', ' -841', ' 40', ' 19', ' -33']",pinch2finger,False
15:44:07.506856,"['-102', ' -435', ' 2045', ' -8', ' -4', ' -5', ' -69', ' -2077', ' -121']","[' -54', ' 13', ' -37', ' 522', ' 1757', ' -843', ' 29', ' 10', ' -38']",pinch2finger,False
15:44:07.510851,"['-92', ' -434', ' 2060', ' -8', ' -4', ' -5', ' -76', ' -2078', ' -112']","[' -50', ' 12', ' -20', ' 522', ' 1739', ' -857', ' 35', ' 14', ' -33']",pinch2finger,False
15:44:07.514840,"['-108', ' -434', ' 2065', ' -8', ' -4', ' -5', ' -82', ' -2074', ' -123']","[' -36', ' 18', ' -25', ' 513', ' 1730', ' -854', ' 26', ' 14', ' -27']",pinch2finger,False
15:44:07.518843,"['-99', ' -453', ' 2059', ' -8', ' -4', ' -5', ' -85', ' -2080', ' -107']","[' -25', ' 3', ' -23', ' 524', ' 1735', ' -867', ' 20', ' 11', ' -24']",pinch2finger,False
15:44:07.522819,"['-86', ' -449', ' 2045', ' -8', ' -4', ' -5', ' -87', ' -2071', ' -136']","[' -31', ' 11', ' -17', ' 536', ' 1725', ' -862', ' 12', ' 21', ' -22']",pinch2finger,False
15:44:07.526802,"['-95', ' -435', ' 2044', ' -8', ' -4', ' -5', ' -83', ' -2080', ' -99']","[' -21', ' -2', ' -15', ' 484', ' 1728', ' -850', ' 4', ' 25', ' -17']",pinch2finger,False
15:44:07.530792,"['-99', ' -411', ' 2049', ' -8', ' -4', ' -5', ' -87', ' -2046', ' -90']","[' -25', ' 7', ' -8', ' 506', ' 1732', ' -818', ' -2', ' 21', ' -18']",pinch2finger,False
15:44:07.534781,"['-81', ' -385', ' 2014', ' -8', ' -4', ' -5', ' -77', ' -2052', ' -89']","[' -22', ' -8', ' -10', ' 500', ' 1701', ' -824', ' 19', ' 29', ' -11']",pinch2finger,False
15:44:07.538770,"['-83', ' -379', ' 2041', ' -8', ' -4', ' -5', ' -68', ' -2034', ' -86']","[' -35', ' 7', ' -6', ' 473', ' 1710', ' -813', ' 10', ' 35', ' -21']",pinch2finger,False
15:44:07.541767,"['-99', ' -375', ' 2032', ' -6', ' -1', ' 1', ' -79', ' -2026', ' -90']","[' -26', ' -2', ' 1', ' 492', ' 1715', ' -809', ' 24', ' 21', ' -10']",pinch2finger,False
15:44:07.545757,"['-106', ' -385', ' 2029', ' -6', ' -1', ' 1', ' -70', ' -2048', ' -97']","[' -38', ' 1', ' -1', ' 494', ' 1702', ' -800', ' 19', ' 20', ' -12']",pinch2finger,False
15:44:07.549746,"['-105', ' -390', ' 2031', ' -6', ' -1', ' 1', ' -88', ' -2056', ' -109']","[' -31', ' 17', ' -12', ' 507', ' 1707', ' -806', ' 33', ' 11', ' -12']",pinch2finger,False
15:44:07.553735,"['-116', ' -397', ' 2039', ' -6', ' -1', ' 1', ' -73', ' -2051', ' -95']","[' -43', ' 18', ' -12', ' 498', ' 1699', ' -815', ' 42', ' 2', ' -16']",pinch2finger,False
15:44:07.557724,"['-128', ' -406', ' 2017', ' -6', ' -1', ' 1', ' -90', ' -2053', ' -96']","[' -38', ' 25', ' -25', ' 518', ' 1696', ' -820', ' 33', ' -13', ' -34']",pinch2finger,False
15:44:07.561714,"['-116', ' -405', ' 2024', ' -6', ' -1', ' 1', ' -91', ' -2042', ' -91']","[' -40', ' 23', ' -34', ' 508', ' 1695', ' -817', ' 32', ' -13', ' -22']",pinch2finger,False
15:44:07.565918,"['-119', ' -392', ' 2010', ' -6', ' -1', ' 1', ' -92', ' -2052', ' -92']","[' -36', ' 22', ' -33', ' 498', ' 1709', ' -825', ' 42', ' -22', ' -44']",pinch2finger,False
15:44:07.569907,"['-122', ' -388', ' 2024', ' -6', ' -1', ' 1', ' -94', ' -2050', ' -93']","[' -37', ' 28', ' -44', ' 491', ' 1694', ' -824', ' 38', ' -31', ' -39']",pinch2finger,False
15:44:07.573896,"['-103', ' -385', ' 2020', ' -6', ' -1', ' 1', ' -79', ' -2045', ' -99']","[' -39', ' 36', ' -55', ' 486', ' 1725', ' -822', ' 46', ' -30', ' -42']",pinch2finger,False
15:44:07.577885,"['-94', ' -395', ' 2033', ' -6', ' -1', ' 1', ' -90', ' -2063', ' -95']","[' -45', ' 41', ' -50', ' 500', ' 1723', ' -832', ' 43', ' -37', ' -36']",pinch2finger,False
15:44:07.581389,"['-98', ' -421', ' 2026', ' -7', ' -8', ' 7', ' -75', ' -2068', ' -90']","[' -49', ' 38', ' -59', ' 513', ' 1704', ' -857', ' 42', ' -42', ' -47']",pinch2finger,False
15:44:07.585509,"['-74', ' -423', ' 2049', ' -7', ' -8', ' 7', ' -75', ' -2050', ' -129']","[' -39', ' 47', ' -51', ' 539', ' 1716', ' -852', ' 45', ' -49', ' -35']",pinch2finger,False
15:44:07.589409,"['-108', ' -448', ' 2050', ' -7', ' -8', ' 7', ' -82', ' -2073', ' -140']","[' -37', ' 33', ' -44', ' 546', ' 1726', ' -872', ' 37', ' -23', ' -32']",pinch2finger,False
15:44:07.593485,"['-105', ' -463', ' 2052', ' -7', ' -8', ' 7', ' -86', ' -2071', ' -135']","[' -38', ' 33', ' -46', ' 542', ' 1726', ' -862', ' 37', ' -23', ' -39']",pinch2finger,False
15:44:07.597260,"['-81', ' -443', ' 2041', ' -7', ' -8', ' 7', ' -69', ' -2073', ' -142']","[' -33', ' 25', ' -44', ' 528', ' 1733', ' -864', ' 37', ' -2', ' -33']",pinch2finger,False
15:44:07.601241,"['-83', ' -447', ' 2046', ' -7', ' -8', ' 7', ' -79', ' -2068', ' -127']","[' -33', ' 22', ' -39', ' 519', ' 1710', ' -841', ' 22', ' 0', ' -28']",pinch2finger,False
15:44:07.605230,"['-76', ' -432', ' 2049', ' -7', ' -8', ' 7', ' -54', ' -2053', ' -117']","[' -35', ' 15', ' -11', ' 536', ' 1719', ' -855', ' 25', ' 6', ' -26']",pinch2finger,False
15:44:07.609220,"['-80', ' -418', ' 2046', ' -7', ' -8', ' 7', ' -56', ' -2067', ' -122']","[' -37', ' 18', ' -17', ' 519', ' 1715', ' -850', ' 28', ' -1', ' -17']",pinch2finger,False
15:44:07.613209,"['-94', ' -417', ' 2040', ' -7', ' -8', ' 7', ' -59', ' -2083', ' -107']","[' -57', ' 22', ' -16', ' 511', ' 1727', ' -849', ' 23', ' 10', ' -16']",pinch2finger,False
15:44:07.616734,"['-84', ' -430', ' 2057', ' -7', ' -8', ' 7', ' -71', ' -2074', ' -111']","[' -42', ' 10', ' -4', ' 527', ' 1708', ' -838', ' 27', ' 13', ' -6']",pinch2finger,False
15:44:07.620941,"['-68', ' -430', ' 2036', ' -6', ' -15', ' 6', ' -79', ' -2073', ' -111']","[' -48', ' 13', ' -12', ' 527', ' 1714', ' -864', ' 18', ' 27', ' -5']",pinch2finger,False
15:44:07.624931,"['-82', ' -434', ' 2046', ' -6', ' -15', ' 6', ' -83', ' -2066', ' -107']","[' -53', ' 12', ' 3', ' 516', ' 1742', ' -838', ' 26', ' 29', ' -2']",pinch2finger,False
15:44:07.627924,"['-92', ' -435', ' 2032', ' -6', ' -15', ' 6', ' -83', ' -2063', ' -103']","[' -53', ' 1', ' 9', ' 511', ' 1722', ' -832', ' 22', ' 34', ' -8']",pinch2finger,False
15:44:07.631913,"['-99', ' -411', ' 2043', ' -6', ' -15', ' 6', ' -59', ' -2062', ' -103']","[' -50', ' 14', ' -2', ' 511', ' 1731', ' -815', ' 22', ' 36', ' 0']",pinch2finger,False
15:44:07.635902,"['-92', ' -412', ' 2022', ' -6', ' -15', ' 6', ' -89', ' -2079', ' -95']","[' -53', ' 8', ' 10', ' 507', ' 1735', ' -826', ' 26', ' 46', ' 7']",pinch2finger,False
15:44:07.639954,"['-97', ' -403', ' 2036', ' -6', ' -15', ' 6', ' -83', ' -2076', ' -105']","[' -54', ' 5', ' 12', ' 486', ' 1703', ' -830', ' 26', ' 36', ' 3']",pinch2finger,False
15:44:07.643944,"['-122', ' -400', ' 2023', ' -6', ' -15', ' 6', ' -58', ' -2072', ' -100']","[' -56', ' 15', ' -2', ' 506', ' 1716', ' -851', ' 32', ' 30', ' 18']",pinch2finger,False
15:44:07.647933,"['-111', ' -425', ' 2025', ' -6', ' -15', ' 6', ' -78', ' -2071', ' -109']","[' -59', ' 13', ' -4', ' 510', ' 1716', ' -849', ' 28', ' 34', ' -7']",pinch2finger,False
15:44:07.651923,"['-95', ' -410', ' 2029', ' -6', ' -15', ' 6', ' -76', ' -2044', ' -112']","[' -56', ' 21', ' 5', ' 500', ' 1730', ' -837', ' 30', ' 25', ' 0']",pinch2finger,False
15:44:07.655917,"['-95', ' -432', ' 2052', ' -6', ' -15', ' 6', ' -80', ' -2075', ' -124']","[' -49', ' 20', ' 5', ' 506', ' 1715', ' -834', ' 31', ' 28', ' 0']",pinch2finger,False
15:44:07.659900,"['-99', ' -444', ' 2033', ' -8', ' -17', ' -1', ' -79', ' -2069', ' -107']","[' -51', ' 31', ' -6', ' 499', ' 1712', ' -830', ' 26', ' 25', ' 6']",pinch2finger,False
15:44:07.663891,"['-85', ' -424', ' 2038', ' -8', ' -17', ' -1', ' -81', ' -2072', ' -119']","[' -38', ' 24', ' 9', ' 502', ' 1712', ' -829', ' 19', ' 20', ' 7']",pinch2finger,False
15:44:07.667884,"['-97', ' -414', ' 2034', ' -8', ' -17', ' -1', ' -79', ' -2054', ' -111']","[' -40', ' 18', ' 8', ' 511', ' 1713', ' -820', ' 27', ' 19', ' 10']",pinch2finger,False
15:44:07.671874,"['-108', ' -393', ' 2035', ' -8', ' -17', ' -1', ' -62', ' -2040', ' -102']","[' -46', ' 26', ' -3', ' 501', ' 1710', ' -841', ' 26', ' 16', ' -2']",pinch2finger,False
15:44:07.674869,"['-111', ' -404', ' 2022', ' -8', ' -17', ' -1', ' -87', ' -2046', ' -103']","[' -47', ' 23', ' 0', ' 517', ' 1694', ' -825', ' 25', ' 6', ' 1']",pinch2finger,False
15:44:07.679375,"['-103', ' -397', ' 2008', ' -8', ' -17', ' -1', ' -61', ' -2040', ' -110']","[' -41', ' 24', ' 4', ' 504', ' 1696', ' -831', ' 24', ' 6', ' 4']",pinch2finger,False
15:44:07.683369,"['-120', ' -405', ' 2031', ' -8', ' -17', ' -1', ' -84', ' -2050', ' -108']","[' -55', ' 21', ' 4', ' 505', ' 1698', ' -824', ' 18', ' 5', ' -4']",pinch2finger,False
15:44:07.687358,"['-119', ' -414', ' 2000', ' -8', ' -17', ' -1', ' -85', ' -2064', ' -98']","[' -47', ' 27', ' -1', ' 512', ' 1707', ' -828', ' 24', ' 1', ' 6']",pinch2finger,False
15:44:07.691347,"['-132', ' -406', ' 2007', ' -8', ' -17', ' -1', ' -89', ' -2040', ' -98']","[' -35', ' 30', ' 0', ' 517', ' 1704', ' -822', ' 36', ' -11', ' -7']",pinch2finger,False
15:44:07.695336,"['-135', ' -407', ' 2028', ' -8', ' -17', ' -1', ' -100', ' -2050', ' -88']","[' -46', ' 34', ' -13', ' 519', ' 1687', ' -808', ' 21', ' -22', ' -18']",pinch2finger,False
15:44:07.699325,"['-142', ' -423', ' 2015', ' -8', ' -17', ' -1', ' -101', ' -2047', ' -99']","[' -40', ' 30', ' -27', ' 526', ' 1697', ' -818', ' 37', ' -28', ' -9']",pinch2finger,False
15:44:07.702323,"['-130', ' -425', ' 2024', ' -9', ' 1', ' 6', ' -105', ' -2049', ' -105']","[' -39', ' 33', ' -40', ' 558', ' 1703', ' -818', ' 31', ' -25', ' -30']",pinch2finger,False
15:44:07.706307,"['-126', ' -426', ' 2028', ' -9', ' 1', ' 6', ' -116', ' -2060', ' -113']","[' -47', ' 44', ' -25', ' 534', ' 1697', ' -820', ' 29', ' -35', ' -35']",pinch2finger,False
15:44:07.710604,"['-130', ' -422', ' 2018', ' -9', ' 1', ' 6', ' -108', ' -2065', ' -123']","[' -43', ' 48', ' -37', ' 548', ' 1693', ' -822', ' 19', ' -29', ' -44']",pinch2finger,False
15:44:07.714596,"['-125', ' -431', ' 2029', ' -9', ' 1', ' 6', ' -127', ' -2042', ' -107']","[' -33', ' 37', ' -43', ' 539', ' 1693', ' -809', ' 34', ' -25', ' -32']",release2finger,True
15:44:07.718591,"['-119', ' -421', ' 2043', ' -9', ' 1', ' 6', ' -100', ' -2073', ' -85']","[' -28', ' 41', ' -31', ' 535', ' 1715', ' -830', ' 23', ' -23', ' -30']",release2finger,True
15:44:07.722574,"['-115', ' -414', ' 2025', ' -9', ' 1', ' 6', ' -109', ' -2064', ' -98']","[' -34', ' 35', ' -31', ' 535', ' 1706', ' -819', ' 26', ' -15', ' -27']",release2finger,True
15:44:07.726564,"['-116', ' -428', ' 2020', ' -9', ' 1', ' 6', ' -96', ' -2049', ' -121']","[' -33', ' 28', ' -28', ' 542', ' 1715', ' -835', ' 32', ' -18', ' -25']",release2finger,True
15:44:07.730554,"['-121', ' -436', ' 2025', ' -9', ' 1', ' 6', ' -102', ' -2051', ' -122']","[' -23', ' 23', ' -16', ' 553', ' 1717', ' -820', ' 20', ' -2', ' -38']",release2finger,True
15:44:07.733546,"['-129', ' -430', ' 2019', ' -9', ' 1', ' 6', ' -119', ' -2067', ' -130']","[' -26', ' 18', ' -16', ' 568', ' 1713', ' -839', ' 22', ' 1', ' -32']",release2finger,True
15:44:07.737535,"['-131', ' -443', ' 2038', ' -9', ' 1', ' 6', ' -94', ' -2061', ' -134']","[' -21', ' 4', ' -15', ' 544', ' 1721', ' -843', ' 13', ' 15', ' -42']",release2finger,True
15:44:07.741525,"['-122', ' -445', ' 2040', ' -6', ' 14', ' 8', ' -125', ' -2059', ' -124']","[' -25', ' 14', ' -18', ' 530', ' 1731', ' -850', ' 21', ' 8', ' -41']",release2finger,True
15:44:07.745514,"['-126', ' -420', ' 2063', ' -6', ' 14', ' 8', ' -97', ' -2076', ' -124']","[' -22', ' 14', ' -25', ' 537', ' 1714', ' -844', ' 9', ' 21', ' -34']",release2finger,True
15:44:07.749503,"['-124', ' -428', ' 2042', ' -6', ' 14', ' 8', ' -89', ' -2076', ' -115']","[' -21', ' 11', ' -25', ' 519', ' 1706', ' -833', ' 16', ' 16', ' -31']",release2finger,True
15:44:07.753496,"['-104', ' -409', ' 2023', ' -6', ' 14', ' 8', ' -96', ' -2063', ' -101']","[' -31', ' 13', ' -20', ' 527', ' 1716', ' -819', ' 10', ' 13', ' -30']",release2finger,True
15:44:07.757487,"['-128', ' -393', ' 2040', ' -6', ' 14', ' 8', ' -104', ' -2058', ' -91']","[' -28', ' 13', ' -18', ' 528', ' 1715', ' -802', ' 14', ' 10', ' -20']",release2finger,True
15:44:07.761475,"['-110', ' -402', ' 2030', ' -6', ' 14', ' 8', ' -78', ' -2063', ' -108']","[' -28', ' 9', ' -28', ' 515', ' 1709', ' -820', ' 27', ' 12', ' -28']",release2finger,True
15:44:07.765468,"['-115', ' -404', ' 2042', ' -6', ' 14', ' 8', ' -95', ' -2080', ' -106']","[' -34', ' 9', ' -21', ' 526', ' 1747', ' -823', ' 33', ' 25', ' -24']",release2finger,True
15:44:07.769456,"['-120', ' -412', ' 2043', ' -6', ' 14', ' 8', ' -84', ' -2076', ' -126']","[' -29', ' -2', ' -16', ' 525', ' 1728', ' -840', ' 38', ' 22', ' -17']",release2finger,True
15:44:07.773442,"['-116', ' -440', ' 2052', ' -6', ' 14', ' 8', ' -96', ' -2078', ' -107']","[' -33', ' 4', ' -17', ' 524', ' 1726', ' -854', ' 16', ' 20', ' -28']",release2finger,True
15:44:07.777430,"['-118', ' -430', ' 2074', ' -6', ' 14', ' 8', ' -84', ' -2071', ' -110']","[' -26', ' 7', ' -23', ' 526', ' 1717', ' -856', ' 15', ' 23', ' -23']",release2finger,True
15:44:07.780440,"['-111', ' -425', ' 2062', ' -3', ' 1', ' 0', ' -83', ' -2070', ' -116']","[' -27', ' 2', ' -17', ' 531', ' 1736', ' -853', ' 21', ' 14', ' -20']",release2finger,True
15:44:07.785422,"['-93', ' -419', ' 2039', ' -3', ' 1', ' 0', ' -82', ' -2056', ' -102']","[' -29', ' 3', ' -12', ' 483', ' 1720', ' -845', ' 12', ' 25', ' -24']",release2finger,True
15:44:07.788416,"['-86', ' -411', ' 2042', ' -3', ' 1', ' 0', ' -80', ' -2065', ' -85']","[' -33', ' 7', ' -11', ' 506', ' 1726', ' -830', ' 20', ' 23', ' -22']",release2finger,True
15:44:07.792408,"['-93', ' -390', ' 2032', ' -3', ' 1', ' 0', ' -74', ' -2067', ' -84']","[' -37', ' 11', ' 1', ' 480', ' 1714', ' -803', ' 10', ' 14', ' -22']",release2finger,True
15:44:07.796393,"['-94', ' -356', ' 2036', ' -3', ' 1', ' 0', ' -74', ' -2051', ' -77']","[' -28', ' 22', ' -6', ' 477', ' 1721', ' -809', ' 31', ' 12', ' -7']",release2finger,True
15:44:07.800387,"['-91', ' -357', ' 2021', ' -3', ' 1', ' 0', ' -60', ' -2052', ' -87']","[' -46', ' 16', ' -14', ' 472', ' 1716', ' -821', ' 15', ' 14', ' -12']",release2finger,True
15:44:07.804376,"['-101', ' -372', ' 2028', ' -3', ' 1', ' 0', ' -76', ' -2050', ' -108']","[' -46', ' 18', ' -14', ' 487', ' 1714', ' -821', ' 37', ' 13', ' -10']",release2finger,True
15:44:07.808366,"['-117', ' -394', ' 2030', ' -3', ' 1', ' 0', ' -84', ' -2050', ' -101']","[' -52', ' 36', ' -14', ' 496', ' 1696', ' -819', ' 26', ' 9', ' -13']",release2finger,True
15:44:07.812352,"['-134', ' -419', ' 2022', ' -3', ' 1', ' 0', ' -76', ' -2065', ' -97']","[' -51', ' 26', ' -20', ' 512', ' 1717', ' -799', ' 35', ' 0', ' -21']",release2finger,False
15:44:07.816356,"['-113', ' -418', ' 2011', ' -3', ' 1', ' 0', ' -84', ' -2065', ' -90']","[' -36', ' 28', ' -29', ' 502', ' 1695', ' -818', ' 38', ' 0', ' -30']",release2finger,False
15:44:07.820330,"['-114', ' -405', ' 2003', ' -1', ' -9', ' 5', ' -73', ' -2033', ' -86']","[' -47', ' 31', ' -24', ' 486', ' 1691', ' -812', ' 38', ' -10', ' -25']",release2finger,False
15:44:07.824319,"['-97', ' -378', ' 2006', ' -1', ' -9', ' 5', ' -55', ' -2022', ' -79']","[' -42', ' 34', ' -31', ' 478', ' 1692', ' -802', ' 36', ' -3', ' -16']",release2finger,False
15:44:07.828308,"['-93', ' -365', ' 2006', ' -1', ' -9', ' 5', ' -70', ' -2022', ' -86']","[' -47', ' 43', ' -29', ' 480', ' 1701', ' -792', ' 39', ' -16', ' -16']",release2finger,False
15:44:07.832297,"['-74', ' -385', ' 2013', ' -1', ' -9', ' 5', ' -65', ' -2027', ' -91']","[' -59', ' 46', ' -32', ' 497', ' 1690', ' -803', ' 48', ' -9', ' -13']",release2finger,False
15:44:07.836287,"['-92', ' -390', ' 2014', ' -1', ' -9', ' 5', ' -80', ' -2033', ' -93']","[' -70', ' 40', ' -26', ' 504', ' 1699', ' -827', ' 64', ' -3', ' -2']",release2finger,False
15:44:07.839278,"['-73', ' -395', ' 2028', ' -1', ' -9', ' 5', ' -60', ' -2053', ' -107']","[' -77', ' 34', ' -25', ' 506', ' 1700', ' -850', ' 55', ' 11', ' -7']",release2finger,False
15:44:07.843268,"['-92', ' -420', ' 2032', ' -1', ' -9', ' 5', ' -83', ' -2052', ' -124']","[' -63', ' 20', ' -18', ' 500', ' 1709', ' -854', ' 50', ' 16', ' -3']",release2finger,False
15:44:07.847257,"['-92', ' -436', ' 2043', ' -1', ' -9', ' 5', ' -63', ' -2060', ' -107']","[' -60', ' 22', ' -14', ' 508', ' 1721', ' -859', ' 44', ' 14', ' -6']",release2finger,False
15:44:07.851247,"['-87', ' -452', ' 2045', ' -1', ' -9', ' 5', ' -67', ' -2053', ' -127']","[' -59', ' 19', ' -7', ' 504', ' 1713', ' -845', ' 46', ' 8', ' -8']",release2finger,False
15:44:07.855241,"['-104', ' -456', ' 2018', ' -1', ' -9', ' 5', ' -77', ' -2069', ' -123']","[' -54', ' 17', ' -14', ' 518', ' 1730', ' -859', ' 34', ' 7', ' -11']",release2finger,False
15:44:07.859229,"['-108', ' -438', ' 2037', ' -1', ' -9', ' 5', ' -58', ' -2068', ' -117']","[' -40', ' 23', ' -13', ' 510', ' 1712', ' -855', ' 33', ' 10', ' -14']",release2finger,False
15:44:07.863215,"['-103', ' -449', ' 2039', ' -6', ' -11', ' 10', ' -93', ' -2061', ' -139']","[' -52', ' 26', ' -18', ' 523', ' 1728', ' -859', ' 26', ' 1', ' -23']",release2finger,False
15:44:07.867206,"['-110', ' -460', ' 2044', ' -6', ' -11', ' 10', ' -85', ' -2079', ' -155']","[' -35', ' 23', ' -20', ' 529', ' 1721', ' -867', ' 22', ' -3', ' -25']",release2finger,False
15:44:07.871196,"['-121', ' -469', ' 2045', ' -6', ' -11', ' 10', ' -96', ' -2085', ' -138']","[' -22', ' 23', ' -30', ' 541', ' 1713', ' -863', ' 22', ' -4', ' -35']",release2finger,False
15:44:07.875186,"['-109', ' -456', ' 2054', ' -6', ' -11', ' 10', ' -81', ' -2081', ' -126']","[' -20', ' 11', ' -26', ' 534', ' 1715', ' -855', ' 19', ' -3', ' -31']",release2finger,False
15:44:07.878177,"['-99', ' -445', ' 2052', ' -6', ' -11', ' 10', ' -84', ' -2076', ' -115']","[' -26', ' 20', ' -23', ' 542', ' 1721', ' -866', ' 24', ' -3', ' -41']",release2finger,False
15:44:07.882681,"['-92', ' -435', ' 2048', ' -6', ' -11', ' 10', ' -86', ' -2074', ' -142']","[' -20', ' 20', ' -19', ' 526', ' 1731', ' -857', ' 14', ' 3', ' -44']",release2finger,False
15:44:07.886670,"['-102', ' -432', ' 2045', ' -6', ' -11', ' 10', ' -88', ' -2070', ' -111']","[' -30', ' 9', ' -26', ' 535', ' 1711', ' -844', ' 26', ' -3', ' -35']",release2finger,False
15:44:07.890656,"['-107', ' -427', ' 2052', ' -6', ' -11', ' 10', ' -86', ' -2061', ' -120']","[' -18', ' 8', ' -6', ' 538', ' 1726', ' -850', ' 18', ' 10', ' -27']",release2finger,False
15:44:07.894649,"['-108', ' -444', ' 2047', ' -6', ' -11', ' 10', ' -86', ' -2077', ' -115']","[' -19', ' 14', ' -11', ' 546', ' 1716', ' -861', ' 20', ' 13', ' -28']",release2finger,False
15:44:07.898638,"['-126', ' -450', ' 2061', ' -6', ' -11', ' 10', ' -100', ' -2085', ' -122']","[' -19', ' 6', ' -9', ' 538', ' 1724', ' -861', ' 22', ' 27', ' -32']",release2finger,False
15:44:07.902628,"['-112', ' -451', ' 2050', ' -16', ' -13', ' 3', ' -100', ' -2096', ' -133']","[' -26', ' -5', ' -10', ' 528', ' 1728', ' -848', ' 16', ' 18', ' -28']",release2finger,False
15:44:07.906612,"['-116', ' -443', ' 2070', ' -16', ' -13', ' 3', ' -77', ' -2086', ' -125']","[' -27', ' 4', ' -13', ' 516', ' 1724', ' -869', ' 11', ' 31', ' -35']",release2finger,False
15:44:07.910602,"['-104', ' -428', ' 2050', ' -16', ' -13', ' 3', ' -72', ' -2080', ' -103']","[' -27', ' -1', ' -9', ' 515', ' 1720', ' -830', ' 10', ' 23', ' -33']",release2finger,False
15:44:07.914591,"['-101', ' -420', ' 2031', ' -16', ' -13', ' 3', ' -78', ' -2066', ' -110']","[' -32', ' 16', ' -12', ' 498', ' 1718', ' -835', ' 22', ' 12', ' -33']",release2finger,False
15:44:07.918580,"['-106', ' -410', ' 2026', ' -16', ' -13', ' 3', ' -92', ' -2059', ' -122']","[' -25', ' 19', ' -16', ' 493', ' 1710', ' -811', ' 23', ' 4', ' -41']",release2finger,False
15:44:07.921578,"['-118', ' -402', ' 2029', ' -16', ' -13', ' 3', ' -78', ' -2079', ' -107']","[' -29', ' 20', ' -14', ' 503', ' 1723', ' -825', ' 30', ' 4', ' -38']",release2finger,False
15:44:07.925567,"['-126', ' -419', ' 2045', ' -16', ' -13', ' 3', ' -91', ' -2059', ' -88']","[' -28', ' 19', ' -28', ' 545', ' 1721', ' -824', ' 28', ' 1', ' -42']",release2finger,False
15:44:07.929556,"['-104', ' -415', ' 2036', ' -16', ' -13', ' 3', ' -100', ' -2060', ' -104']","[' -33', ' 20', ' -25', ' 505', ' 1708', ' -830', ' 33', ' 8', ' -42']",release2finger,False
15:44:07.933545,"['-93', ' -423', ' 2032', ' -16', ' -13', ' 3', ' -75', ' -2056', ' -119']","[' -39', ' 26', ' -37', ' 504', ' 1717', ' -831', ' 30', ' 5', ' -28']",release2finger,False
15:44:07.937530,"['-99', ' -420', ' 2023', ' -16', ' -13', ' 3', ' -55', ' -2052', ' -100']","[' -31', ' 29', ' -24', ' 493', ' 1698', ' -828', ' 31', ' -1', ' -35']",release2finger,False
15:44:07.941523,"['-87', ' -393', ' 2011', ' -15', ' -15', ' 3', ' -64', ' -2043', ' -90']","[' -34', ' 30', ' -23', ' 494', ' 1722', ' -821', ' 31', ' -2', ' -36']",release2finger,False
15:44:07.945513,"['-75', ' -392', ' 2025', ' -15', ' -15', ' 3', ' -74', ' -2041', ' -101']","[' -36', ' 42', ' -23', ' 481', ' 1700', ' -816', ' 25', ' 4', ' -22']",release2finger,False
15:44:07.949502,"['-66', ' -413', ' 2021', ' -15', ' -15', ' 3', ' -72', ' -2036', ' -96']","[' -34', ' 40', ' -20', ' 475', ' 1709', ' -826', ' 24', ' 3', ' -20']",release2finger,False
15:44:07.953493,"['-92', ' -400', ' 2032', ' -15', ' -15', ' 3', ' -70', ' -2052', ' -95']","[' -42', ' 39', ' -21', ' 467', ' 1715', ' -813', ' 25', ' -1', ' -23']",release2finger,False
15:44:07.957482,"['-82', ' -399', ' 2027', ' -15', ' -15', ' 3', ' -54', ' -2034', ' -115']","[' -35', ' 38', ' -15', ' 484', ' 1725', ' -811', ' 32', ' -1', ' -17']",release2finger,False
15:44:07.961471,"['-67', ' -393', ' 2026', ' -15', ' -15', ' 3', ' -50', ' -2049', ' -92']","[' -43', ' 47', ' -12', ' 491', ' 1714', ' -817', ' 23', ' -4', ' -10']",release2finger,False
15:44:07.965457,"['-88', ' -381', ' 2027', ' -15', ' -15', ' 3', ' -50', ' -2043', ' -79']","[' -46', ' 49', ' -2', ' 473', ' 1708', ' -811', ' 29', ' -13', ' -9']",release2finger,False
15:44:07.969446,"['-86', ' -382', ' 2022', ' -15', ' -15', ' 3', ' -54', ' -2064', ' -79']","[' -45', ' 53', ' -8', ' 473', ' 1724', ' -821', ' 30', ' -7', ' 3']",release2finger,False
15:44:07.973435,"['-72', ' -381', ' 2045', ' -15', ' -15', ' 3', ' -69', ' -2042', ' -95']","[' -37', ' 54', ' -5', ' 486', ' 1710', ' -822', ' 33', ' -6', ' 2']",release2finger,False
15:44:07.977425,"['-86', ' -384', ' 2025', ' -15', ' -15', ' 3', ' -58', ' -2043', ' -83']","[' -40', ' 48', ' -3', ' 493', ' 1712', ' -817', ' 40', ' -6', ' 3']",release2finger,False
15:44:07.980932,"['-101', ' -388', ' 2037', ' -6', ' -15', ' 7', ' -70', ' -2054', ' -82']","[' -43', ' 56', ' -1', ' 496', ' 1715', ' -818', ' 38', ' -4', ' 2']",release2finger,False
15:44:07.984921,"['-93', ' -404', ' 2040', ' -6', ' -15', ' 7', ' -75', ' -2055', ' -96']","[' -55', ' 52', ' 3', ' 513', ' 1719', ' -836', ' 35', ' 7', ' 13']",release2finger,False
15:44:07.988911,"['-104', ' -429', ' 2052', ' -6', ' -15', ' 7', ' -63', ' -2072', ' -101']","[' -49', ' 55', ' 6', ' 506', ' 1723', ' -838', ' 31', ' 7', ' 4']",release2finger,False
15:44:07.992895,"['-84', ' -419', ' 2045', ' -6', ' -15', ' 7', ' -64', ' -2066', ' -83']","[' -44', ' 52', ' 7', ' 504', ' 1732', ' -862', ' 37', ' 7', ' 6']",release2finger,False
15:44:07.996884,"['-88', ' -425', ' 2037', ' -6', ' -15', ' 7', ' -58', ' -2051', ' -105']","[' -55', ' 64', ' -5', ' 494', ' 1713', ' -836', ' 34', ' 13', ' 6']",release2finger,False
15:44:07.999876,"['-78', ' -408', ' 2033', ' -6', ' -15', ' 7', ' -70', ' -2053', ' -100']","[' -41', ' 67', ' 6', ' 489', ' 1721', ' -816', ' 33', ' -1', ' 3']",release2finger,False
15:44:08.003886,"['-74', ' -403', ' 2033', ' -6', ' -15', ' 7', ' -58', ' -2048', ' -90']","[' -42', ' 65', ' 15', ' 496', ' 1716', ' -810', ' 24', ' -12', ' 10']",release2finger,False
15:44:08.007878,"['-86', ' -395', ' 2019', ' -6', ' -15', ' 7', ' -53', ' -2059', ' -88']","[' -46', ' 75', ' 17', ' 488', ' 1708', ' -819', ' 36', ' -7', ' 16']",release2finger,False
15:44:08.011872,"['-94', ' -386', ' 2036', ' -6', ' -15', ' 7', ' -74', ' -2060', ' -84']","[' -51', ' 74', ' 13', ' 485', ' 1713', ' -829', ' 29', ' -2', ' 5']",release2finger,False
15:44:08.015862,"['-108', ' -398', ' 2054', ' -6', ' -15', ' 7', ' -89', ' -2076', ' -109']","[' -55', ' 80', ' 20', ' 514', ' 1708', ' -818', ' 34', ' -10', ' 14']",release2finger,False
15:44:08.019846,"['-86', ' -408', ' 2033', ' -6', ' -15', ' 7', ' -59', ' -2058', ' -106']","[' -47', ' 91', ' 7', ' 529', ' 1741', ' -814', ' 32', ' 2', ' 3']",release2finger,False
15:44:08.023841,"['-82', ' -401', ' 2040', ' -10', ' -10', ' 3', ' -74', ' -2055', ' -87']","[' -48', ' 98', ' 7', ' 499', ' 1714', ' -811', ' 27', ' 2', ' 10']",release2finger,False
15:44:08.027830,"['-72', ' -417', ' 2032', ' -10', ' -10', ' 3', ' -52', ' -2056', ' -86']","[' -53', ' 100', ' 1', ' 511', ' 1718', ' -815', ' 26', ' -13', ' 16']",release2finger,False
15:44:08.031813,"['-81', ' -398', ' 2041', ' -10', ' -10', ' 3', ' -67', ' -2065', ' -93']","[' -45', ' 118', ' 3', ' 501', ' 1718', ' -828', ' 17', ' -6', ' 27']",release2finger,False
15:44:08.035804,"['-95', ' -398', ' 2037', ' -10', ' -10', ' 3', ' -86', ' -2057', ' -86']","[' -42', ' 133', ' -2', ' 493', ' 1704', ' -820', ' 6', ' -13', ' 24']",release2finger,False
15:44:08.039792,"['-102', ' -415', ' 2034', ' -10', ' -10', ' 3', ' -86', ' -2054', ' -91']","[' -50', ' 146', ' 5', ' 517', ' 1717', ' -806', ' 5', ' -12', ' 15']",release2finger,False
15:44:08.043782,"['-93', ' -403', ' 2035', ' -10', ' -10', ' 3', ' -63', ' -2069', ' -80']","[' -47', ' 150', ' -2', ' 493', ' 1717', ' -819', ' 5', ' 6', ' 18']",release2finger,False
15:44:08.046774,"['-98', ' -398', ' 2037', ' -10', ' -10', ' 3', ' -62', ' -2060', ' -98']","[' -41', ' 162', ' 0', ' 494', ' 1710', ' -818', ' 5', ' -4', ' 21']",release2finger,False
15:44:08.050763,"['-67', ' -416', ' 2036', ' -10', ' -10', ' 3', ' -49', ' -2063', ' -86']","[' -46', ' 177', ' -7', ' 498', ' 1709', ' -800', ' -8', ' 6', ' 34']",release2finger,False
15:44:08.054753,"['-50', ' -376', ' 2004', ' -10', ' -10', ' 3', ' -49', ' -2031', ' -90']","[' -37', ' 187', ' 10', ' 462', ' 1689', ' -799', ' -9', ' 25', ' 62']",release2finger,False
15:44:08.058742,"['-99', ' -373', ' 2005', ' -10', ' -10', ' 3', ' -62', ' -2022', ' -105']","[' -72', ' 185', ' 6', ' 425', ' 1672', ' -828', ' 1', ' 7', ' 69']",release2finger,False
15:44:08.062732,"['-147', ' -409', ' 1961', ' -32', ' 2', ' -5', ' -78', ' -2012', ' -131']","[' -69', ' 176', ' -1', ' 555', ' 1664', ' -820', ' 24', ' -21', ' 51']",release2finger,False
15:44:08.066730,"['-157', ' -476', ' 1988', ' -32', ' 2', ' -5', ' -111', ' -2055', ' -150']","[' -70', ' 168', ' -8', ' 593', ' 1698', ' -865', ' 21', ' -10', ' 45']",release2finger,False
15:44:08.070723,"['-132', ' -507', ' 2045', ' -32', ' 2', ' -5', ' -114', ' -2065', ' -139']","[' -58', ' 144', ' -1', ' 587', ' 1699', ' -891', ' 24', ' -20', ' 49']",release2finger,False
15:44:08.074712,"['-143', ' -515', ' 2036', ' -32', ' 2', ' -5', ' -79', ' -2083', ' -153']","[' -53', ' 130', ' -19', ' 561', ' 1727', ' -874', ' 16', ' 2', ' 27']",release2finger,False
15:44:08.078703,"['-132', ' -516', ' 2037', ' -32', ' 2', ' -5', ' -93', ' -2065', ' -162']","[' -38', ' 132', ' -14', ' 548', ' 1715', ' -892', ' 18', ' 0', ' 19']",release2finger,False
15:44:08.082213,"['-128', ' -495', ' 2030', ' -32', ' 2', ' -5', ' -80', ' -2087', ' -152']","[' -31', ' 129', ' -15', ' 531', ' 1711', ' -872', ' 1', ' -7', ' 18']",release2finger,False
15:44:08.086203,"['-122', ' -488', ' 2035', ' -32', ' 2', ' -5', ' -92', ' -2095', ' -141']","[' -29', ' 130', ' -23', ' 538', ' 1721', ' -874', ' 2', ' -3', ' 16']",release2finger,False
15:44:08.090193,"['-122', ' -457', ' 2039', ' -32', ' 2', ' -5', ' -92', ' -2087', ' -139']","[' -15', ' 124', ' -18', ' 547', ' 1732', ' -858', ' 2', ' -5', ' 18']",release2finger,False
15:44:08.094181,"['-115', ' -466', ' 2041', ' -32', ' 2', ' -5', ' -89', ' -2087', ' -128']","[' -9', ' 124', ' -16', ' 558', ' 1712', ' -863', ' -8', ' 1', ' 26']",release2finger,False
15:44:08.098170,"['-127', ' -458', ' 2044', ' -32', ' 2', ' -5', ' -100', ' -2088', ' -127']","[' 5', ' 123', ' -13', ' 561', ' 1722', ' -836', ' -6', ' 17', ' 17']",release2finger,False
15:44:08.102161,"['-118', ' -469', ' 2057', ' -65', ' 14', ' -12', ' -100', ' -2095', ' -128']","[' 4', ' 114', ' -12', ' 604', ' 1725', ' -854', ' -18', ' 29', ' 31']",release2finger,False
15:44:08.106175,"['-125', ' -469', ' 2089', ' -65', ' 14', ' -12', ' -115', ' -2107', ' -116']","[' 2', ' 115', ' -7', ' 625', ' 1720', ' -858', ' -25', ' 64', ' 35']",release2finger,False
15:44:08.109827,"['-147', ' -483', ' 2061', ' -65', ' 14', ' -12', ' -116', ' -2102', ' -132']","[' 20', ' 102', ' -13', ' 660', ' 1729', ' -863', ' -41', ' 105', ' 30']",release2finger,False
15:44:08.113336,"['-138', ' -510', ' 2086', ' -65', ' 14', ' -12', ' -99', ' -2124', ' -138']","[' 31', ' 72', ' -7', ' 699', ' 1733', ' -860', ' -53', ' 142', ' 30']",release2finger,False
15:44:08.117325,"['-138', ' -517', ' 2080', ' -65', ' 14', ' -12', ' -97', ' -2113', ' -132']","[' 47', ' 51', ' 3', ' 767', ' 1710', ' -861', ' -71', ' 198', ' 37']",release2finger,False
15:44:08.121315,"['-145', ' -512', ' 2080', ' -65', ' 14', ' -12', ' -91', ' -2103', ' -129']","[' 66', ' 38', ' -2', ' 800', ' 1718', ' -862', ' -81', ' 295', ' 55']",release2finger,False
15:44:08.125303,"['-137', ' -516', ' 2080', ' -65', ' 14', ' -12', ' -92', ' -2102', ' -143']","[' 88', ' 16', ' -12', ' 783', ' 1710', ' -846', ' -88', ' 357', ' 52']",release2finger,False
15:44:08.129293,"['-157', ' -485', ' 2058', ' -65', ' 14', ' -12', ' -101', ' -2146', ' -137']","[' 107', ' 1', ' -15', ' 880', ' 1716', ' -810', ' -94', ' 475', ' 72']",release2finger,False
15:44:08.133282,"['-132', ' -561', ' 2063', ' -65', ' 14', ' -12', ' -103', ' -2157', ' -121']","[' 159', ' -26', ' 5', ' 630', ' 1756', ' -1145', ' -117', ' 430', ' -29']",release2finger,False
15:44:08.137272,"['-271', ' -546', ' 2009', ' -65', ' 14', ' -12', ' -192', ' -2083', ' -150']","[' 168', ' -36', ' -30', ' 977', ' 1912', ' -873', ' -129', ' 522', ' -2']",release2finger,False
15:44:08.141262,"['-101', ' -540', ' 2143', ' -83', ' 8', ' -11', ' -35', ' -2075', ' -128']","[' 176', ' -58', ' -1', ' 583', ' 1716', ' -826', ' -133', ' 544', ' -95']",release2finger,False
15:44:08.145247,"['-123', ' -470', ' 2109', ' -83', ' 8', ' -11', ' -84', ' -2077', ' -128']","[' 201', ' -67', ' -9', ' 621', ' 1716', ' -874', ' -118', ' 538', ' -126']",release2finger,False
15:44:08.149235,"['-89', ' -527', ' 2030', ' -83', ' 8', ' -11', ' -60', ' -2150', ' -90']","[' 213', ' -52', ' -9', ' 547', ' 1686', ' -705', ' -150', ' 567', ' -48']",release2finger,False
15:44:08.153224,"['-90', ' -225', ' 1996', ' -83', ' 8', ' -11', ' 25', ' -2204', ' -48']","[' 256', ' -27', ' -38', ' 76', ' 1559', ' -892', ' -112', ' 551', ' 2']",release2finger,False
15:44:08.157214,"['111', ' -298', ' 2174', ' -83', ' 8', ' -11', ' -43', ' -2001', ' -28']","[' 248', ' 6', ' -44', ' 315', ' 1729', ' -914', ' -82', ' 373', ' -72']",release2finger,False
15:44:08.160210,"['116', ' -525', ' 2066', ' -83', ' 8', ' -11', ' 19', ' -1992', ' -84']","[' 225', ' 43', ' -20', ' 166', ' 1661', ' -771', ' -103', ' 477', ' 29']",release2finger,False
15:44:08.164200,"['-22', ' -477', ' 1964', ' -83', ' 8', ' -11', ' -59', ' -2022', ' -88']","[' 213', ' 74', ' 5', ' 472', ' 1516', ' -677', ' -104', ' 344', ' -18']",release2finger,False
15:44:08.168191,"['-115', ' -369', ' 2002', ' -83', ' 8', ' -11', ' -16', ' -2039', ' -113']","[' 228', ' 81', ' -12', ' 486', ' 1655', ' -819', ' -130', ' 250', ' -67']",release2finger,False
15:44:08.172181,"['-77', ' -438', ' 2056', ' -83', ' 8', ' -11', ' -37', ' -2034', ' -116']","[' 216', ' 100', ' -23', ' 464', ' 1785', ' -795', ' -85', ' 281', ' -64']",release2finger,False
15:44:08.176170,"['-115', ' -466', ' 2066', ' -83', ' 8', ' -11', ' -71', ' -2016', ' -96']","[' 225', ' 114', ' -24', ' 553', ' 1763', ' -772', ' -85', ' 320', ' 6']",release2finger,False
15:44:08.180159,"['-162', ' -518', ' 2054', ' -83', ' 8', ' -11', ' -104', ' -1993', ' -107']","[' 198', ' 116', ' -16', ' 653', ' 1771', ' -735', ' -111', ' 326', ' 6']",release2finger,False
15:44:08.184289,"['-115', ' -461', ' 2048', ' -53', ' 9', ' 90', ' -110', ' -2000', ' -69']","[' 185', ' 108', ' -9', ' 538', ' 1554', ' -772', ' -41', ' 330', ' -28']",release2finger,False
15:44:08.188279,"['-177', ' -419', ' 2112', ' -53', ' 9', ' 90', ' -110', ' -2049', ' -41']","[' 159', ' 101', ' 2', ' 520', ' 1820', ' -664', ' -20', ' 357', ' -47']",release2finger,False
15:44:08.192268,"['-264', ' -426', ' 2169', ' -53', ' 9', ' 90', ' 2', ' -1926', ' -31']","[' 110', ' 106', ' 7', ' 533', ' 1559', ' -696', ' 7', ' 368', ' -36']",release2finger,False
15:44:08.196257,"['-532', ' -258', ' 2304', ' -53', ' 9', ' 90', ' -29', ' -1859', ' -18']","[' 52', ' 145', ' 52', ' 592', ' 1703', ' -685', ' 118', ' 436', ' -10']",release2finger,False
15:44:08.199249,"['-670', ' -252', ' 2361', ' -53', ' 9', ' 90', ' -34', ' -1910', ' -6']","[' -26', ' 172', ' 44', ' 603', ' 1721', ' -729', ' 114', ' 625', ' 101']",release2finger,False
15:44:08.203239,"['-358', ' -457', ' 2343', ' -53', ' 9', ' 90', ' -116', ' -1896', ' -35']","[' -97', ' 104', ' -17', ' 499', ' 1788', ' -727', ' 164', ' 604', ' 109']",release2finger,False
15:44:08.207228,"['1051', ' -695', ' 1544', ' -53', ' 9', ' 90', ' -290', ' -2371', ' -44']","[' -14', ' 67', ' -35', ' 718', ' 1378', ' -514', ' 281', ' 429', ' -46']",release2finger,False
15:44:08.211222,"['-101', ' -166', ' 1902', ' -53', ' 9', ' 90', ' -134', ' -1876', ' -97']","[' -7', ' 107', ' -51', ' 566', ' 1715', ' -684', ' 368', ' 486', ' -15']",release2finger,False
15:44:08.215212,"['-516', ' 208', ' 2273', ' -53', ' 9', ' 90', ' -51', ' -1785', ' -39']","[' -96', ' 86', ' -82', ' 628', ' 1664', ' -809', ' 308', ' 522', ' 56']",release2finger,False
15:44:08.219197,"['-191', ' -655', ' 2047', ' -53', ' 9', ' 90', ' 75', ' -2455', ' 54']","[' -118', ' 0', ' -138', ' -31', ' 776', ' -1862', ' 287', ' 519', ' 32']",release2finger,False
15:44:08.223187,"['-421', ' -694', ' 2807', ' 39', ' -22', ' 221', ' -269', ' -1837', ' -10']","[' -139', ' -24', ' -130', ' 1486', ' 1542', ' -416', ' 137', ' -201', ' -46']",release2finger,False
15:44:08.227175,"['1', ' -367', ' 1697', ' 39', ' -22', ' 221', ' 402', ' -2519', ' 99']","[' -126', ' -75', ' -201', ' 510', ' 1712', ' -528', ' 497', ' 514', ' -81']",release2finger,False
15:44:08.231164,"['128', ' -98', ' 1722', ' 39', ' -22', ' 221', ' -446', ' -2031', ' -287']","[' -36', ' 102', ' -67', ' 838', ' 1293', ' -681', ' 382', ' 282', ' -55']",release2finger,False
15:44:08.234161,"['-125', ' 538', ' 1749', ' 39', ' -22', ' 221', ' -203', ' -1974', ' -104']","[' -161', ' -16', ' -228', ' 354', ' 1932', ' -867', ' 202', ' 558', ' 68']",release2finger,False
15:44:08.238150,"['829', ' -825', ' 1693', ' 39', ' -22', ' 221', ' 12', ' -2219', ' -94']","[' -77', ' 15', ' -156', ' 705', ' 1578', ' -762', ' 424', ' 80', ' -252']",release2finger,False
15:44:08.242140,"['101', ' -602', ' 2250', ' 39', ' -22', ' 221', ' -89', ' -1987', ' -121']","[' -46', ' 89', ' -107', ' 512', ' 1616', ' -745', ' 469', ' 355', ' -111']",release2finger,False
15:44:08.246129,"['-279', ' -409', ' 2347', ' 39', ' -22', ' 221', ' 9', ' -2023', ' -78']","[' -46', ' 118', ' -70', ' 487', ' 1691', ' -829', ' 346', ' 178', ' -184']",release2finger,False
15:44:08.250114,"['-420', ' -391', ' 2323', ' 39', ' -22', ' 221', ' -108', ' -2000', ' -52']","[' -81', ' 99', ' -92', ' 355', ' 1725', ' -849', ' 316', ' 93', ' -284']",release2finger,False
15:44:08.254103,"['14', ' -477', ' 2202', ' 39', ' -22', ' 221', ' -102', ' -1913', ' -89']","[' -115', ' 82', ' -73', ' 327', ' 1634', ' -837', ' 355', ' -22', ' -335']",release2finger,False
15:44:08.258093,"['1092', ' -2512', ' 3098', ' 39', ' -22', ' 221', ' -344', ' -1880', ' 12']","[' -178', ' -123', ' -190', ' 627', ' 1820', ' -845', ' -639', ' 846', ' 638']",release2finger,False
15:44:08.262087,"['1122', ' -2312', ' 2708', ' 196', ' -241', ' 187', ' 73', ' -2084', ' -22']","[' -110', ' 97', ' -85', ' 443', ' 1037', ' -139', ' -74', ' 448', ' 293']",release2finger,False
15:44:08.266073,"['391', ' -593', ' 2289', ' 196', ' -241', ' 187', ' -132', ' -2106', ' -163']","[' -113', ' 146', ' -20', ' 223', ' 1492', ' 26', ' 520', ' 51', ' -74']",release2finger,False
15:44:08.270062,"['-278', ' 81', ' 1613', ' 196', ' -241', ' 187', ' -94', ' -2109', ' -136']","[' -137', ' -27', ' -142', ' 849', ' 1464', ' -238', ' 640', ' -143', ' -230']",release2finger,False
15:44:08.274053,"['974', ' -336', ' 1593', ' 196', ' -241', ' 187', ' 801', ' -2310', ' -25']","[' -81', ' -141', ' -181', ' 757', ' 1638', ' -678', ' 576', ' -68', ' -301']",release2finger,False
15:44:08.278041,"['-198', ' 51', ' 1727', ' 196', ' -241', ' 187', ' -51', ' -2114', ' -16']","[' -106', ' 63', ' 107', ' 705', ' 1704', ' -1045', ' 801', ' -97', ' -349']",release2finger,False
15:44:08.281547,"['72', ' -549', ' 1737', ' 196', ' -241', ' 187', ' 967', ' -2236', ' 33']","[' -47', ' -20', ' 21', ' 497', ' 2117', ' -978', ' 651', ' 180', ' -177']",release2finger,False
15:44:08.285536,"['-733', ' -48', ' 2140', ' 196', ' -241', ' 187', ' -29', ' -2083', ' -96']","[' -123', ' 220', ' 191', ' 214', ' 1652', ' -976', ' 383', ' 290', ' 38']",release2finger,False
15:44:08.289525,"['-31', ' -185', ' 2274', ' 196', ' -241', ' 187', ' -108', ' -2051', ' -77']","[' -154', ' 117', ' 107', ' 340', ' 1694', ' -828', ' 517', ' 95', ' -52']",release2finger,False
15:44:08.293515,"['321', ' -745', ' 2334', ' 196', ' -241', ' 187', ' -163', ' -2082', ' -107']","[' -113', ' 74', ' 54', ' 621', ' 1626', ' -850', ' 510', ' 19', ' -96']",release2finger,False
15:44:08.297504,"['-65', ' -521', ' 2363', ' 196', ' -241', ' 187', ' -304', ' -1951', ' -147']","[' -59', ' 187', ' 148', ' 704', ' 1686', ' -717', ' 547', ' -46', ' -195']",release2finger,False
15:44:08.301494,"['-302', ' -321', ' 2169', ' 196', ' -241', ' 187', ' 15', ' -2086', ' -125']","[' -63', ' 171', ' 179', ' 815', ' 1597', ' -825', ' 584', ' 21', ' -209']",release2finger,False
15:44:08.304490,"['-372', ' -288', ' 1992', ' 547', ' -295', ' 115', ' -21', ' -2022', ' -100']","[' -53', ' 196', ' 174', ' 718', ' 1706', ' -860', ' 662', ' 149', ' -217']",release2finger,False
15:44:08.308480,"['-251', ' -126', ' 1847', ' 547', ' -295', ' 115', ' -115', ' -2022', ' -142']","[' -61', ' 173', ' 206', ' 687', ' 1742', ' -967', ' 612', ' 210', ' -182']",release2finger,False
15:44:08.312469,"['-134', ' -113', ' 1786', ' 547', ' -295', ' 115', ' -22', ' -2072', ' -113']","[' -57', ' 132', ' 208', ' 662', ' 1721', ' -1032', ' 587', ' 241', ' -218']",release2finger,False
15:44:08.316458,"['-40', ' -131', ' 1780', ' 547', ' -295', ' 115', ' -53', ' -2046', ' -134']","[' -63', ' 114', ' 199', ' 548', ' 1706', ' -1018', ' 587', ' 182', ' -292']",release2finger,False
15:44:08.320447,"['-156', ' -142', ' 1739', ' 547', ' -295', ' 115', ' -102', ' -2040', ' -156']","[' -78', ' 145', ' 202', ' 561', ' 1779', ' -926', ' 556', ' 129', ' -297']",release2finger,False
15:44:08.324437,"['-122', ' -120', ' 1846', ' 547', ' -295', ' 115', ' -87', ' -2040', ' -147']","[' -54', ' 129', ' 169', ' 417', ' 1801', ' -935', ' 532', ' 183', ' -264']",release2finger,False
15:44:08.328424,"['-183', ' 400', ' 1930', ' 547', ' -295', ' 115', ' 75', ' -2141', ' -114']","[' -64', ' 166', ' 184', ' 573', ' 1751', ' -931', ' 487', ' 126', ' -249']",release2finger,False
15:44:08.332410,"['-486', ' 164', ' 2124', ' 547', ' -295', ' 115', ' 3', ' -2196', ' -119']","[' -50', ' 138', ' 162', ' 590', ' 1673', ' -924', ' 519', ' 184', ' -201']",release2finger,False
15:44:08.336400,"['-44', ' 315', ' 2333', ' 547', ' -295', ' 115', ' 40', ' -2144', ' -88']","[' -53', ' 175', ' 178', ' 611', ' 1640', ' -856', ' 483', ' 151', ' -230']",release2finger,False
15:44:08.339397,"['-27', ' -239', ' 2207', ' 547', ' -295', ' 115', ' -84', ' -2127', ' -102']","[' -24', ' 171', ' 167', ' 593', ' 1609', ' -874', ' 487', ' 76', ' -287']",release2finger,False
15:44:08.343386,"['-328', ' -351', ' 2079', ' 1004', ' 28', ' 109', ' -195', ' -2047', ' -143']","[' -22', ' 140', ' 190', ' 732', ' 1656', ' -886', ' 551', ' 136', ' -279']",release2finger,False
15:44:08.347375,"['-281', ' -137', ' 2108', ' 1004', ' 28', ' 109', ' -104', ' -2081', ' -109']","[' -13', ' 184', ' 181', ' 631', ' 1676', ' -965', ' 529', ' 172', ' -241']",release2finger,False
15:44:08.351364,"['-99', ' -112', ' 2075', ' 1004', ' 28', ' 109', ' -103', ' -2100', ' -88']","[' -30', ' 145', ' 180', ' 629', ' 1674', ' -958', ' 487', ' 183', ' -240']",release2finger,False
15:44:08.355374,"['-25', ' -229', ' 2190', ' 1004', ' 28', ' 109', ' -48', ' -2094', ' -92']","[' -22', ' 169', ' 173', ' 615', ' 1691', ' -928', ' 476', ' 121', ' -244']",release2finger,False
15:44:08.359376,"['-7', ' -100', ' 2113', ' 1004', ' 28', ' 109', ' -119', ' -2113', ' -92']","[' -24', ' 161', ' 186', ' 511', ' 1704', ' -866', ' 468', ' 169', ' -231']",release2finger,False
15:44:08.363360,"['2', ' -131', ' 2115', ' 1004', ' 28', ' 109', ' -86', ' -2094', ' -100']","[' -6', ' 152', ' 194', ' 637', ' 1584', ' -837', ' 494', ' 144', ' -241']",release2finger,False
15:44:08.367351,"['-114', ' -84', ' 2145', ' 1004', ' 28', ' 109', ' -40', ' -2086', ' -88']","[' 9', ' 150', ' 202', ' 660', ' 1626', ' -793', ' 546', ' 200', ' -269']",release2finger,False
15:44:08.370373,"['9', ' 240', ' 2336', ' 1004', ' 28', ' 109', ' 17', ' -2066', ' -89']","[' 17', ' 190', ' 219', ' 610', ' 1686', ' -826', ' 543', ' 211', ' -266']",release2finger,False
15:44:08.374362,"['70', ' -187', ' 2216', ' 1004', ' 28', ' 109', ' -38', ' -2085', ' -85']","[' 17', ' 219', ' 266', ' 456', ' 1696', ' -882', ' 542', ' 230', ' -245']",release2finger,False
15:44:08.378352,"['-17', ' -216', ' 2245', ' 1004', ' 28', ' 109', ' -8', ' -2106', ' -47']","[' 27', ' 235', ' 306', ' 516', ' 1746', ' -886', ' 561', ' 199', ' -221']",release2finger,False
15:44:08.382491,"['26', ' -50', ' 2156', ' 1175', ' 164', ' 78', ' -105', ' -1985', ' -68']","[' 51', ' 264', ' 338', ' 406', ' 1630', ' -973', ' 514', ' 234', ' -181']",release2finger,False
15:44:08.386475,"['11', ' 10', ' 2109', ' 1175', ' 164', ' 78', ' -89', ' -2053', ' -59']","[' 40', ' 252', ' 329', ' 490', ' 1610', ' -926', ' 539', ' 206', ' -163']",release2finger,False
15:44:08.390464,"['12', ' 24', ' 2035', ' 1175', ' 164', ' 78', ' -83', ' -2031', ' -31']","[' 32', ' 255', ' 399', ' 447', ' 1681', ' -908', ' 523', ' 183', ' -195']",release2finger,False
15:44:08.393456,"['-44', ' 73', ' 2016', ' 1175', ' 164', ' 78', ' -88', ' -1967', ' -70']","[' 31', ' 261', ' 389', ' 493', ' 1658', ' -940', ' 537', ' 193', ' -178']",release2finger,False
15:44:08.397450,"['-75', ' 90', ' 1953', ' 1175', ' 164', ' 78', ' -136', ' -2061', ' -31']","[' 34', ' 257', ' 377', ' 508', ' 1665', ' -947', ' 519', ' 227', ' -139']",release2finger,False
15:44:08.401440,"['-146', ' 125', ' 1954', ' 1175', ' 164', ' 78', ' -51', ' -2094', ' -34']","[' 59', ' 232', ' 373', ' 554', ' 1622', ' -936', ' 509', ' 282', ' -91']",release2finger,False
15:44:08.405424,"['-176', ' 62', ' 1960', ' 1175', ' 164', ' 78', ' -86', ' -2102', ' -14']","[' 23', ' 249', ' 378', ' 560', ' 1572', ' -872', ' 537', ' 289', ' -91']",release2finger,False
15:44:08.409419,"['-179', ' 72', ' 1994', ' 1175', ' 164', ' 78', ' -139', ' -2091', ' -26']","[' 29', ' 248', ' 363', ' 475', ' 1458', ' -775', ' 570', ' 255', ' -130']",release2finger,False
15:44:08.413408,"['-206', ' 194', ' 2094', ' 1175', ' 164', ' 78', ' -13', ' -2144', ' 13']","[' 16', ' 236', ' 350', ' 528', ' 1582', ' -746', ' 589', ' 356', ' -83']",release2finger,False
15:44:08.417392,"['-109', ' 98', ' 2141', ' 1175', ' 164', ' 78', ' -90', ' -2049', ' 22']","[' 38', ' 244', ' 359', ' 520', ' 1490', ' -802', ' 632', ' 236', ' -160']",release2finger,False
15:44:08.420385,"['-139', ' 80', ' 2197', ' 1175', ' 164', ' 78', ' -108', ' -2056', ' 37']","[' 68', ' 254', ' 357', ' 589', ' 1497', ' -726', ' 701', ' 285', ' -135']",release2finger,False
15:44:08.424376,"['-104', ' 134', ' 2104', ' 1170', ' 88', ' 26', ' -22', ' -2028', ' 48']","[' 32', ' 280', ' 373', ' 594', ' 1442', ' -728', ' 794', ' 292', ' -176']",release2finger,False
15:44:08.428363,"['-64', ' 179', ' 2041', ' 1170', ' 88', ' 26', ' -83', ' -2017', ' 7']","[' 60', ' 290', ' 365', ' 690', ' 1535', ' -743', ' 855', ' 330', ' -215']",release2finger,False
15:44:08.432352,"['-35', ' 297', ' 2041', ' 1170', ' 88', ' 26', ' -13', ' -2119', ' 20']","[' 70', ' 320', ' 365', ' 509', ' 1554', ' -842', ' 884', ' 297', ' -251']",release2finger,False
15:44:08.436342,"['-33', ' 118', ' 2038', ' 1170', ' 88', ' 26', ' -24', ' -2030', ' 23']","[' 91', ' 322', ' 360', ' 410', ' 1578', ' -893', ' 928', ' 256', ' -282']",release2finger,False
15:44:08.440333,"['3', ' 84', ' 2054', ' 1170', ' 88', ' 26', ' -90', ' -2059', ' -22']","[' 43', ' 331', ' 354', ' 391', ' 1585', ' -974', ' 951', ' 246', ' -262']",release2finger,False
15:44:08.444321,"['-47', ' 90', ' 2077', ' 1170', ' 88', ' 26', ' -84', ' -2082', ' 9']","[' 63', ' 377', ' 328', ' 414', ' 1598', ' -1010', ' 938', ' 265', ' -276']",release2finger,False
15:44:08.448310,"['-119', ' 145', ' 2144', ' 1170', ' 88', ' 26', ' -135', ' -2029', ' 9']","[' 93', ' 401', ' 355', ' 433', ' 1554', ' -987', ' 928', ' 175', ' -332']",release2finger,False
15:44:08.451302,"['-222', ' 97', ' 2174', ' 1170', ' 88', ' 26', ' -118', ' -2149', ' 56']","[' 144', ' 413', ' 327', ' 452', ' 1555', ' -885', ' 991', ' 183', ' -326']",release2finger,False
15:44:08.455296,"['-282', ' 72', ' 2074', ' 1170', ' 88', ' 26', ' -304', ' -2150', ' -27']","[' 261', ' 397', ' 322', ' 577', ' 1497', ' -885', ' 996', ' 199', ' -297']",release2finger,False
15:44:08.459285,"['-161', ' 118', ' 2099', ' 1170', ' 88', ' 26', ' -213', ' -2132', ' 24']","[' 257', ' 374', ' 300', ' 617', ' 1534', ' -845', ' 1021', ' 246', ' -284']",release2finger,False
15:44:08.463274,"['-58', ' 139', ' 2081', ' 1266', ' 66', ' -25', ' -620', ' -2147', ' 40']","[' 364', ' 392', ' 246', ' 529', ' 1501', ' -886', ' 1037', ' 252', ' -320']",release2finger,False
15:44:08.467267,"['110', ' 221', ' 2060', ' 1266', ' 66', ' -25', ' -538', ' -2067', ' -5']","[' 322', ' 366', ' 243', ' 518', ' 1496', ' -905', ' 1057', ' 240', ' -322']",release2finger,False
15:44:08.471256,"['-164', ' 312', ' 1930', ' 1266', ' 66', ' -25', ' -22', ' -2094', ' 82']","[' 375', ' 404', ' 305', ' 462', ' 1546', ' -950', ' 1086', ' 259', ' -321']",release2finger,False
15:44:08.475240,"['11', ' 250', ' 1915', ' 1266', ' 66', ' -25', ' -177', ' -2077', ' 43']","[' 466', ' 451', ' 280', ' 495', ' 1537', ' -1010', ' 1131', ' 161', ' -383']",release2finger,False
15:44:08.479230,"['-193', ' 381', ' 2022', ' 1266', ' 66', ' -25', ' -119', ' -2036', ' -26']","[' 520', ' 411', ' 220', ' 537', ' 1475', ' -1058', ' 1093', ' 163', ' -361']",release2finger,False
15:44:08.482729,"['-194', ' 360', ' 1985', ' 1266', ' 66', ' -25', ' -176', ' -2088', ' -51']","[' 496', ' 399', ' 240', ' 466', ' 1521', ' -1005', ' 1096', ' 293', ' -313']",release2finger,False
15:44:08.486718,"['-27', ' 314', ' 2062', ' 1266', ' 66', ' -25', ' -167', ' -2108', ' -5']","[' 530', ' 372', ' 210', ' 580', ' 1527', ' -1022', ' 1103', ' 208', ' -333']",release2finger,False
15:44:08.490707,"['-77', ' 251', ' 2059', ' 1266', ' 66', ' -25', ' -234', ' -2118', ' -88']","[' 578', ' 455', ' 224', ' 557', ' 1567', ' -1052', ' 1093', ' 217', ' -352']",release2finger,False
15:44:08.494696,"['-65', ' 201', ' 2081', ' 1266', ' 66', ' -25', ' 149', ' -1657', ' 167']","[' 699', ' 326', ' 83', ' 520', ' 1540', ' -1050', ' 1090', ' 234', ' -343']",release2finger,False
15:44:08.498686,"['-73', ' 388', ' 1943', ' 1266', ' 66', ' -25', ' -421', ' -1863', ' -223']","[' 435', ' 376', ' 188', ' 648', ' 1583', ' -1113', ' 1069', ' 216', ' -342']",release2finger,False
15:44:08.501678,"['-46', ' 428', ' 1868', ' 1400', ' -6', ' -57', ' -17', ' -1934', ' 23']","[' 296', ' 337', ' 224', ' 649', ' 1567', ' -1113', ' 1020', ' 279', ' -333']",release2finger,False
15:44:08.505667,"['-93', ' 587', ' 1918', ' 1400', ' -6', ' -57', ' -708', ' -1770', ' -191']","[' 333', ' 622', ' 39', ' 600', ' 1542', ' -1132', ' 1017', ' 308', ' -338']",release2finger,False
15:44:08.509662,"['-202', ' 476', ' 1832', ' 1400', ' -6', ' -57', ' -247', ' -2108', ' -127']","[' 179', ' 391', ' 191', ' 574', ' 1604', ' -1227', ' 1001', ' 320', ' -319']",release2finger,False
15:44:08.513650,"['-7', ' 397', ' 1846', ' 1400', ' -6', ' -57', ' -98', ' -2135', ' 20']","[' 155', ' 362', ' 261', ' 608', ' 1624', ' -1200', ' 955', ' 353', ' -277']",release2finger,False
15:44:08.517640,"['60', ' 450', ' 1943', ' 1400', ' -6', ' -57', ' -142', ' -2028', ' -26']","[' 216', ' 414', ' 217', ' 635', ' 1504', ' -1134', ' 948', ' 412', ' -278']",release2finger,False
15:44:08.521625,"['-19', ' 397', ' 2032', ' 1400', ' -6', ' -57', ' -185', ' -2080', ' -15']","[' 241', ' 395', ' 187', ' 737', ' 1526', ' -1121', ' 911', ' 415', ' -261']",release2finger,False
15:44:08.525614,"['-95', ' 425', ' 2032', ' 1400', ' -6', ' -57', ' -129', ' -1969', ' -82']","[' 213', ' 371', ' 182', ' 778', ' 1738', ' -1066', ' 887', ' 514', ' -234']",release2finger,False
15:44:08.529603,"['-127', ' 431', ' 2068', ' 1400', ' -6', ' -57', ' -92', ' -2087', ' -41']","[' 152', ' 341', ' 218', ' 591', ' 1655', ' -1163', ' 887', ' 566', ' -198']",release2finger,False
15:44:08.532600,"['-111', ' 470', ' 2105', ' 1400', ' -6', ' -57', ' -205', ' -2064', ' -15']","[' 185', ' 362', ' 221', ' 399', ' 1545', ' -1301', ' 842', ' 396', ' -262']",release2finger,False
15:44:08.536589,"['-75', ' 412', ' 2024', ' 1400', ' -6', ' -57', ' -116', ' -2177', ' 98']","[' 222', ' 331', ' 192', ' 448', ' 1669', ' -1233', ' 828', ' 454', ' -193']",release2finger,False
15:44:08.540579,"['-76', ' 497', ' 1982', ' 1400', ' -6', ' -57', ' -212', ' -1743', ' -167']","[' 269', ' 321', ' 93', ' 551', ' 1513', ' -1266', ' 810', ' 432', ' -190']",release2finger,False
15:44:08.544568,"['-194', ' 580', ' 1877', ' 1489', ' -126', ' -62', ' -319', ' -2244', ' -52']","[' 4', ' 199', ' 201', ' 565', ' 1589', ' -1222', ' 772', ' 486', ' -149']",release2finger,False
15:44:08.548557,"['-111', ' 637', ' 1796', ' 1489', ' -126', ' -62', ' -73', ' -2183', ' 63']","[' 81', ' 194', ' 237', ' 491', ' 1545', ' -1203', ' 770', ' 459', ' -185']",release2finger,False
15:44:08.552549,"['-54', ' 648', ' 1867', ' 1489', ' -126', ' -62', ' -127', ' -2130', ' 90']","[' 129', ' 228', ' 188', ' 554', ' 1553', ' -1229', ' 740', ' 454', ' -168']",release2finger,False
15:44:08.556531,"['23', ' 527', ' 1962', ' 1489', ' -126', ' -62', ' -231', ' -1986', ' 32']","[' 142', ' 229', ' 52', ' 482', ' 1533', ' -1194', ' 753', ' 479', ' -149']",release2finger,False
15:44:08.560521,"['38', ' 548', ' 1920', ' 1489', ' -126', ' -62', ' -234', ' -2035', ' -5']","[' 229', ' 245', ' 32', ' 412', ' 1496', ' -1145', ' 733', ' 462', ' -122']",release2finger,False
15:44:08.564510,"['22', ' 552', ' 1879', ' 1489', ' -126', ' -62', ' -158', ' -2109', ' 33']","[' 263', ' 286', ' 74', ' 548', ' 1472', ' -1146', ' 741', ' 424', ' -120']",release2finger,False
15:44:08.567509,"['1', ' 572', ' 1977', ' 1489', ' -126', ' -62', ' -115', ' -1971', ' 71']","[' 402', ' 392', ' 73', ' 670', ' 1504', ' -1167', ' 747', ' 367', ' -189']",release2finger,False
15:44:08.571498,"['-125', ' 516', ' 2046', ' 1489', ' -126', ' -62', ' -370', ' -2005', ' -238']","[' 221', ' 265', ' 17', ' 679', ' 1502', ' -1145', ' 734', ' 420', ' -217']",release2finger,False
15:44:08.575488,"['-166', ' 477', ' 2059', ' 1489', ' -126', ' -62', ' -225', ' -2303', ' 24']","[' 166', ' 191', ' 63', ' 584', ' 1452', ' -1161', ' 716', ' 448', ' -212']",release2finger,False
15:44:08.579477,"['-125', ' 448', ' 2086', ' 1489', ' -126', ' -62', ' -66', ' -2286', ' 87']","[' 249', ' 228', ' 32', ' 538', ' 1459', ' -1149', ' 715', ' 450', ' -187']",release2finger,False
15:44:08.583551,"['-120', ' 488', ' 2074', ' 1418', ' -198', ' -44', ' -276', ' -2109', ' -30']","[' 313', ' 294', ' 71', ' 524', ' 1476', ' -1180', ' 736', ' 405', ' -192']",release2finger,False
15:44:08.587535,"['-29', ' 538', ' 2085', ' 1418', ' -198', ' -44', ' -204', ' -2039', ' 5']","[' 301', ' 246', ' 38', ' 560', ' 1489', ' -1193', ' 732', ' 391', ' -196']",release2finger,False
15:44:08.591524,"['34', ' 599', ' 2000', ' 1418', ' -198', ' -44', ' -37', ' -2068', ' -19']","[' 286', ' 166', ' -35', ' 588', ' 1441', ' -1158', ' 725', ' 429', ' -205']",release2finger,False
15:44:08.594516,"['54', ' 619', ' 1901', ' 1418', ' -198', ' -44', ' -296', ' -1942', ' -26']","[' 233', ' 294', ' 139', ' 613', ' 1415', ' -1124', ' 766', ' 409', ' -231']",release2finger,False
15:44:08.598506,"['69', ' 711', ' 1934', ' 1418', ' -198', ' -44', ' -410', ' -1997', ' -5']","[' 191', ' 252', ' 176', ' 411', ' 1293', ' -1188', ' 795', ' 340', ' -302']",release2finger,False
15:44:08.602500,"['113', ' 728', ' 1859', ' 1418', ' -198', ' -44', ' -161', ' -1918', ' 11']","[' 161', ' 158', ' 135', ' 889', ' 1496', ' -1202', ' 865', ' 565', ' -219']",release2finger,False
15:44:08.606489,"['213', ' 662', ' 1770', ' 1418', ' -198', ' -44', ' -138', ' -1829', ' -33']","[' 75', ' 161', ' 173', ' 687', ' 1524', ' -1314', ' 817', ' 481', ' -297']",release2finger,False
15:44:08.610478,"['186', ' 773', ' 1706', ' 1418', ' -198', ' -44', ' -258', ' -1918', ' -21']","[' 12', ' 179', ' 215', ' 605', ' 1516', ' -1277', ' 799', ' 526', ' -271']",release2finger,False
15:44:08.614468,"['-6', ' 797', ' 1703', ' 1418', ' -198', ' -44', ' -345', ' -1912', ' -35']","[' -24', ' 127', ' 190', ' 572', ' 1494', ' -1302', ' 796', ' 571', ' -262']",release2finger,False
15:44:08.618451,"['-57', ' 688', ' 1777', ' 1418', ' -198', ' -44', ' -252', ' -1821', ' -103']","[' -59', ' 167', ' 202', ' 544', ' 1501', ' -1350', ' 774', ' 535', ' -249']",release2finger,False
15:44:08.622544,"['-134', ' 554', ' 1911', ' 1208', ' -201', ' -21', ' -307', ' -1936', ' -78']","[' -143', ' 135', ' 190', ' 546', ' 1489', ' -1349', ' 757', ' 584', ' -201']",release2finger,False
15:44:08.625701,"['-115', ' 487', ' 1982', ' 1208', ' -201', ' -21', ' -281', ' -2039', ' -49']","[' -192', ' 142', ' 157', ' 511', ' 1469', ' -1307', ' 716', ' 612', ' -150']",release2finger,False
15:44:08.629698,"['-158', ' 574', ' 1994', ' 1208', ' -201', ' -21', ' -286', ' -2065', ' -83']","[' -186', ' 158', ' 198', ' 559', ' 1457', ' -1236', ' 661', ' 544', ' -134']",release2finger,False
15:44:08.633682,"['-316', ' 675', ' 1828', ' 1208', ' -201', ' -21', ' -289', ' -2029', ' -72']","[' -212', ' 158', ' 227', ' 645', ' 1377', ' -1247', ' 651', ' 480', ' -170']",release2finger,False
15:44:08.637672,"['-344', ' 748', ' 1764', ' 1208', ' -201', ' -21', ' -361', ' -2036', ' -73']","[' -217', ' 137', ' 194', ' 642', ' 1436', ' -1251', ' 666', ' 434', ' -232']",release2finger,False
15:44:08.641662,"['-206', ' 709', ' 1827', ' 1208', ' -201', ' -21', ' -281', ' -2081', ' -16']","[' -210', ' 70', ' 118', ' 602', ' 1438', ' -1310', ' 651', ' 418', ' -245']",release2finger,False
15:44:08.645651,"['-127', ' 625', ' 1925', ' 1208', ' -201', ' -21', ' -258', ' -2065', ' 1']","[' -226', ' 110', ' 121', ' 615', ' 1446', ' -1250', ' 620', ' 504', ' -147']",release2finger,False
15:44:08.649641,"['-28', ' 654', ' 1940', ' 1208', ' -201', ' -21', ' -291', ' -2125', ' 7']","[' -228', ' 137', ' 152', ' 512', ' 1375', ' -1215', ' 623', ' 568', ' -110']",release2finger,False
15:44:08.653629,"['-32', ' 691', ' 1945', ' 1208', ' -201', ' -21', ' -288', ' -2126', ' -16']","[' -199', ' 140', ' 136', ' 544', ' 1481', ' -1149', ' 685', ' 405', ' -201']",release2finger,False
15:44:08.657620,"['35', ' 650', ' 1907', ' 1208', ' -201', ' -21', ' -228', ' -2049', ' -26']","[' -170', ' 107', ' 81', ' 317', ' 1456', ' -1161', ' 670', ' 447', ' -175']",release2finger,False
15:44:08.661608,"['36', ' 622', ' 1915', ' 1208', ' -201', ' -21', ' -282', ' -2038', ' -15']","[' -194', ' 145', ' 76', ' 593', ' 1355', ' -1291', ' 679', ' 386', ' -168']",release2finger,False
15:44:08.664601,"['23', ' 690', ' 1905', ' 956', ' -143', ' -15', ' -210', ' -2054', ' -7']","[' -213', ' 193', ' 120', ' 583', ' 1494', ' -1265', ' 657', ' 427', ' -137']",release2finger,False
15:44:08.668591,"['-20', ' 686', ' 1970', ' 956', ' -143', ' -15', ' -232', ' -2035', ' -23']","[' -200', ' 215', ' 133', ' 618', ' 1365', ' -1308', ' 634', ' 471', ' -125']",release2finger,False
15:44:08.672581,"['-26', ' 583', ' 1999', ' 956', ' -143', ' -15', ' -323', ' -1993', ' -53']","[' -204', ' 201', ' 118', ' 550', ' 1407', ' -1298', ' 614', ' 455', ' -141']",release2finger,False
15:44:08.676572,"['-149', ' 600', ' 1986', ' 956', ' -143', ' -15', ' -262', ' -2052', ' -29']","[' -196', ' 173', ' 135', ' 571', ' 1436', ' -1376', ' 603', ' 406', ' -167']",release2finger,False
15:44:08.681068,"['-175', ' 548', ' 2026', ' 956', ' -143', ' -15', ' -310', ' -2057', ' -21']","[' -173', ' 146', ' 98', ' 604', ' 1440', ' -1334', ' 606', ' 442', ' -150']",release2finger,False
15:44:08.685060,"['-134', ' 570', ' 2084', ' 956', ' -143', ' -15', ' -277', ' -2079', ' -18']","[' -190', ' 142', ' 129', ' 629', ' 1390', ' -1273', ' 567', ' 476', ' -120']",release2finger,False
15:44:08.689049,"['-83', ' 624', ' 2084', ' 956', ' -143', ' -15', ' -238', ' -2067', ' -6']","[' -172', ' 169', ' 187', ' 619', ' 1339', ' -1200', ' 539', ' 426', ' -132']",release2finger,False
15:44:08.692041,"['-101', ' 701', ' 2036', ' 956', ' -143', ' -15', ' -281', ' -2066', ' -7']","[' -180', ' 155', ' 187', ' 520', ' 1268', ' -1164', ' 597', ' 416', ' -164']",release2finger,False
15:44:08.696034,"['-52', ' 723', ' 1938', ' 956', ' -143', ' -15', ' -263', ' -1954', ' 0']","[' -165', ' 107', ' 160', ' 519', ' 1333', ' -1223', ' 697', ' 455', ' -149']",release2finger,False
15:44:08.700024,"['24', ' 743', ' 1934', ' 956', ' -143', ' -15', ' -269', ' -1996', ' 8']","[' -201', ' 133', ' 172', ' 448', ' 1350', ' -1271', ' 729', ' 485', ' -135']",release2finger,False
15:44:08.704013,"['-34', ' 699', ' 1926', ' 675', ' -70', ' 0', ' -224', ' -2083', ' 4']","[' -216', ' 153', ' 175', ' 391', ' 1349', ' -1257', ' 735', ' 412', ' -145']",release2finger,False
15:44:08.708003,"['-110', ' 692', ' 1939', ' 675', ' -70', ' 0', ' -320', ' -2048', ' 1']","[' -204', ' 177', ' 151', ' 425', ' 1318', ' -1264', ' 759', ' 363', ' -143']",release2finger,False
15:44:08.711993,"['-187', ' 682', ' 1903', ' 675', ' -70', ' 0', ' -298', ' -2071', ' 3']","[' -193', ' 167', ' 139', ' 559', ' 1323', ' -1228', ' 790', ' 327', ' -142']",release2finger,False
15:44:08.715976,"['-265', ' 709', ' 1883', ' 675', ' -70', ' 0', ' -345', ' -2079', ' 5']","[' -157', ' 142', ' 70', ' 689', ' 1350', ' -1257', ' 812', ' 340', ' -139']",release2finger,False
15:44:08.719965,"['-232', ' 714', ' 1864', ' 675', ' -70', ' 0', ' -299', ' -2074', ' -30']","[' -172', ' 136', ' 21', ' 659', ' 1374', ' -1298', ' 801', ' 357', ' -162']",release2finger,False
15:44:08.723955,"['-70', ' 773', ' 1844', ' 675', ' -70', ' 0', ' -323', ' -1964', ' -40']","[' -183', ' 160', ' 92', ' 516', ' 1396', ' -1322', ' 793', ' 323', ' -182']",release2finger,False
15:44:08.726952,"['-67', ' 764', ' 1813', ' 675', ' -70', ' 0', ' -301', ' -1973', ' -73']","[' -213', ' 174', ' 131', ' 457', ' 1407', ' -1388', ' 753', ' 293', ' -170']",release2finger,False
15:44:08.730941,"['-33', ' 763', ' 1794', ' 675', ' -70', ' 0', ' -345', ' -1985', ' -115']","[' -223', ' 143', ' 55', ' 552', ' 1377', ' -1422', ' 738', ' 244', ' -151']",release2finger,False
15:44:08.734930,"['-48', ' 780', ' 1767', ' 675', ' -70', ' 0', ' -277', ' -1924', ' -117']","[' -232', ' 98', ' 38', ' 645', ' 1367', ' -1390', ' 739', ' 231', ' -189']",release2finger,False
15:44:08.738915,"['-50', ' 788', ' 1765', ' 675', ' -70', ' 0', ' -239', ' -1951', ' -104']","[' -255', ' 98', ' 24', ' 699', ' 1393', ' -1366', ' 739', ' 250', ' -186']",release2finger,False
15:44:08.742909,"['35', ' 832', ' 1808', ' 494', ' -71', ' 45', ' -285', ' -2010', ' -93']","[' -290', ' 89', ' 8', ' 619', ' 1383', ' -1346', ' 698', ' 287', ' -151']",release2finger,False
15:44:08.746899,"['86', ' 781', ' 1841', ' 494', ' -71', ' 45', ' -292', ' -2036', ' -83']","[' -299', ' 112', ' 50', ' 594', ' 1355', ' -1355', ' 658', ' 286', ' -130']",release2finger,False
15:44:08.750883,"['102', ' 721', ' 1903', ' 494', ' -71', ' 45', ' -284', ' -1962', ' -91']","[' -295', ' 111', ' 50', ' 597', ' 1342', ' -1367', ' 693', ' 264', ' -140']",release2finger,False
15:44:08.754872,"['64', ' 678', ' 1948', ' 494', ' -71', ' 45', ' -263', ' -2054', ' -79']","[' -314', ' 108', ' 35', ' 566', ' 1356', ' -1371', ' 691', ' 273', ' -130']",release2finger,False
15:44:08.758861,"['42', ' 684', ' 1970', ' 494', ' -71', ' 45', ' -272', ' -2037', ' -78']","[' -281', ' 119', ' 34', ' 577', ' 1357', ' -1371', ' 668', ' 276', ' -109']",release2finger,False
15:44:08.761858,"['-4', ' 728', ' 1917', ' 494', ' -71', ' 45', ' -293', ' -2069', ' -54']","[' -279', ' 137', ' 45', ' 649', ' 1332', ' -1327', ' 661', ' 239', ' -109']",release2finger,False
15:44:08.765858,"['31', ' 765', ' 1918', ' 494', ' -71', ' 45', ' -276', ' -2004', ' -73']","[' -287', ' 111', ' 58', ' 676', ' 1316', ' -1314', ' 663', ' 237', ' -119']",release2finger,False
15:44:08.769846,"['17', ' 800', ' 1901', ' 494', ' -71', ' 45', ' -265', ' -2013', ' -60']","[' -301', ' 120', ' 54', ' 628', ' 1331', ' -1367', ' 658', ' 280', ' -100']",release2finger,False
15:44:08.773836,"['17', ' 793', ' 1888', ' 494', ' -71', ' 45', ' -259', ' -2021', ' -63']","[' -315', ' 81', ' 84', ' 592', ' 1338', ' -1383', ' 639', ' 303', ' -69']",release2finger,False
15:44:08.777826,"['-38', ' 798', ' 1921', ' 494', ' -71', ' 45', ' -260', ' -2034', ' -66']","[' -309', ' 139', ' 53', ' 547', ' 1335', ' -1413', ' 634', ' 282', ' -81']",release2finger,False
15:44:08.781864,"['30', ' 767', ' 1917', ' 494', ' -71', ' 45', ' -264', ' -2054', ' -82']","[' -306', ' 111', ' 64', ' 522', ' 1342', ' -1417', ' 627', ' 246', ' -90']",release2finger,False
15:44:08.785853,"['54', ' 701', ' 1956', ' 438', ' -120', ' 97', ' -240', ' -2095', ' -109']","[' -313', ' 137', ' 59', ' 573', ' 1346', ' -1426', ' 615', ' 244', ' -69']",release2finger,False
15:44:08.789843,"['42', ' 624', ' 2033', ' 438', ' -120', ' 97', ' -295', ' -2084', ' -146']","[' -319', ' 163', ' 50', ' 654', ' 1331', ' -1450', ' 591', ' 230', ' -62']",release2finger,False
15:44:08.793832,"['-31', ' 611', ' 2070', ' 438', ' -120', ' 97', ' -294', ' -2080', ' -139']","[' -303', ' 171', ' 85', ' 688', ' 1383', ' -1504', ' 567', ' 209', ' -98']",release2finger,False
15:44:08.796829,"['-114', ' 653', ' 2035', ' 438', ' -120', ' 97', ' -284', ' -2108', ' -151']","[' -291', ' 184', ' 99', ' 708', ' 1397', ' -1540', ' 516', ' 221', ' -90']",release2finger,False
15:44:08.800818,"['-55', ' 696', ' 2011', ' 438', ' -120', ' 97', ' -241', ' -2176', ' -121']","[' -276', ' 178', ' 112', ' 661', ' 1393', ' -1540', ' 474', ' 243', ' -69']",release2finger,False
15:44:08.804807,"['-50', ' 740', ' 1958', ' 438', ' -120', ' 97', ' -553', ' -2207', ' -135']","[' -311', ' 220', ' 62', ' 667', ' 1394', ' -1542', ' 430', ' 270', ' -27']",release2finger,False
15:44:08.808797,"['42', ' 732', ' 1891', ' 438', ' -120', ' 97', ' -352', ' -2085', ' -140']","[' -254', ' 154', ' 59', ' 596', ' 1321', ' -1559', ' 412', ' 244', ' -58']",release2finger,False
15:44:08.812787,"['-1', ' 812', ' 1893', ' 438', ' -120', ' 97', ' -165', ' -2104', ' -134']","[' -278', ' 115', ' 70', ' 510', ' 1307', ' -1505', ' 410', ' 247', ' -55']",release2finger,False
15:44:08.816771,"['91', ' 880', ' 1825', ' 438', ' -120', ' 97', ' -249', ' -2113', ' -129']","[' -284', ' 175', ' 109', ' 428', ' 1316', ' -1498', ' 378', ' 183', ' -30']",release2finger,False
15:44:08.820760,"['-42', ' 843', ' 1860', ' 438', ' -120', ' 97', ' -295', ' -2103', ' -143']","[' -278', ' 189', ' 130', ' 442', ' 1306', ' -1474', ' 380', ' 143', ' -16']",release2finger,False
15:44:08.823754,"['76', ' 760', ' 1924', ' 335', ' -130', ' 109', ' -271', ' -2063', ' -122']","[' -288', ' 169', ' 89', ' 527', ' 1264', ' -1435', ' 412', ' 99', ' -17']",release2finger,False
15:44:08.827747,"['1', ' 778', ' 1970', ' 335', ' -130', ' 109', ' -223', ' -2080', ' -126']","[' -287', ' 193', ' 86', ' 645', ' 1310', ' -1436', ' 414', ' 116', ' 14']",release2finger,False
15:44:08.831731,"['-2', ' 750', ' 1967', ' 335', ' -130', ' 109', ' -240', ' -2118', ' -122']","[' -274', ' 224', ' 95', ' 609', ' 1314', ' -1430', ' 390', ' 147', ' 62']",release2finger,False
15:44:08.835725,"['-16', ' 738', ' 1985', ' 335', ' -130', ' 109', ' -262', ' -2132', ' -124']","[' -242', ' 208', ' 83', ' 604', ' 1330', ' -1458', ' 371', ' 155', ' 72']",release2finger,False
15:44:08.839710,"['35', ' 765', ' 2006', ' 335', ' -130', ' 109', ' -271', ' -2093', ' -143']","[' -237', ' 214', ' 109', ' 587', ' 1320', ' -1463', ' 344', ' 112', ' 48']",release2finger,False
15:44:08.843704,"['71', ' 778', ' 1999', ' 335', ' -130', ' 109', ' -355', ' -2007', ' -112']","[' -211', ' 209', ' 108', ' 683', ' 1308', ' -1477', ' 331', ' 47', ' -17']",release2finger,False
15:44:08.847693,"['18', ' 700', ' 1973', ' 335', ' -130', ' 109', ' -258', ' -2041', ' -148']","[' -208', ' 134', ' 44', ' 824', ' 1308', ' -1490', ' 352', ' 86', ' -16']",release2finger,False
15:44:08.851680,"['82', ' 686', ' 1968', ' 335', ' -130', ' 109', ' -257', ' -2080', ' -121']","[' -240', ' 168', ' 118', ' 871', ' 1314', ' -1440', ' 330', ' 118', ' -30']",release2finger,False
15:44:08.855669,"['-14', ' 768', ' 1961', ' 335', ' -130', ' 109', ' -310', ' -2080', ' -137']","[' -231', ' 185', ' 164', ' 809', ' 1281', ' -1380', ' 269', ' 154', ' -63']",release2finger,False
15:44:08.859656,"['39', ' 687', ' 1975', ' 335', ' -130', ' 109', ' -364', ' -2011', ' -163']","[' -249', ' 130', ' 120', ' 607', ' 1249', ' -1423', ' 287', ' 174', ' -53']",release2finger,False
15:44:08.862648,"['38', ' 782', ' 1923', ' 190', ' -83', ' 55', ' -304', ' -2007', ' -143']","[' -250', ' 113', ' 152', ' 543', ' 1322', ' -1481', ' 305', ' 210', ' 18']",release2finger,False
15:44:08.866647,"['34', ' 802', ' 1876', ' 190', ' -83', ' 55', ' -313', ' -2026', ' -137']","[' -263', ' 118', ' 158', ' 542', ' 1278', ' -1463', ' 258', ' 224', ' 59']",release2finger,False
15:44:08.870636,"['-57', ' 820', ' 1850', ' 190', ' -83', ' 55', ' -319', ' -2053', ' -148']","[' -275', ' 101', ' 134', ' 630', ' 1222', ' -1398', ' 275', ' 126', ' 4']",release2finger,False
15:44:08.874630,"['-67', ' 787', ' 1886', ' 190', ' -83', ' 55', ' -319', ' -2165', ' -106']","[' -257', ' 106', ' 125', ' 719', ' 1230', ' -1327', ' 279', ' 111', ' -21']",release2finger,False
15:44:08.878615,"['-108', ' 691', ' 1930', ' 190', ' -83', ' 55', ' -371', ' -2077', ' -139']","[' -208', ' 71', ' 61', ' 703', ' 1215', ' -1383', ' 285', ' 137', ' -26']",release2finger,False
15:44:08.882127,"['-180', ' 681', ' 1994', ' 190', ' -83', ' 55', ' -245', ' -2085', ' -129']","[' -239', ' 66', ' 14', ' 604', ' 1277', ' -1379', ' 270', ' 156', ' 0']",release2finger,False
15:44:08.886121,"['-131', ' 749', ' 1984', ' 190', ' -83', ' 55', ' -265', ' -2127', ' -120']","[' -205', ' 157', ' 94', ' 536', ' 1272', ' -1373', ' 221', ' 108', ' 15']",release2finger,False
15:44:08.890106,"['-211', ' 682', ' 2021', ' 190', ' -83', ' 55', ' -393', ' -2098', ' -171']","[' -177', ' 142', ' 70', ' 567', ' 1214', ' -1373', ' 221', ' 17', ' -13']",release2finger,False
15:44:08.894099,"['-97', ' 660', ' 1970', ' 190', ' -83', ' 55', ' -313', ' -2080', ' -164']","[' -160', ' 108', ' 18', ' 724', ' 1246', ' -1394', ' 237', ' -12', ' -31']",release2finger,False
15:44:08.898089,"['-69', ' 751', ' 1895', ' 190', ' -83', ' 55', ' -318', ' -2027', ' -173']","[' -141', ' 126', ' 19', ' 796', ' 1298', ' -1436', ' 223', ' 65', ' 27']",release2finger,False
15:44:08.902078,"['-34', ' 781', ' 1880', ' 190', ' -83', ' 55', ' -319', ' -2002', ' -175']","[' -163', ' 123', ' 4', ' 717', ' 1288', ' -1428', ' 155', ' 95', ' 46']",release2finger,False
15:44:08.906066,"['-37', ' 822', ' 1803', ' 81', ' -23', ' -11', ' -348', ' -2017', ' -156']","[' -169', ' 107', ' -1', ' 683', ' 1253', ' -1433', ' 140', ' 51', ' 31']",release2finger,False
15:44:08.910083,"['9', ' 869', ' 1794', ' 81', ' -23', ' -11', ' -410', ' -1994', ' -138']","[' -128', ' 78', ' 7', ' 705', ' 1250', ' -1429', ' 155', ' 67', ' 29']",release2finger,False
15:44:08.914041,"['-22', ' 728', ' 1918', ' 81', ' -23', ' -11', ' -391', ' -1997', ' -153']","[' -170', ' -6', ' -83', ' 667', ' 1240', ' -1415', ' 170', ' 76', ' 31']",release2finger,False
15:44:08.917034,"['26', ' 760', ' 1930', ' 81', ' -23', ' -11', ' -234', ' -2048', ' -95']","[' -195', ' 75', ' 0', ' 641', ' 1241', ' -1340', ' 136', ' 64', ' 37']",release2finger,False
15:44:08.921028,"['-58', ' 761', ' 1939', ' 81', ' -23', ' -11', ' -355', ' -2006', ' -146']","[' -208', ' 89', ' 44', ' 592', ' 1215', ' -1344', ' 142', ' 64', ' 18']",release2finger,False
15:44:08.925018,"['30', ' 770', ' 1908', ' 81', ' -23', ' -11', ' -301', ' -2007', ' -153']","[' -209', ' 57', ' 12', ' 593', ' 1220', ' -1395', ' 199', ' 27', ' 19']",release2finger,False
15:44:08.929006,"['-75', ' 827', ' 1843', ' 81', ' -23', ' -11', ' -291', ' -2024', ' -150']","[' -207', ' 93', ' 28', ' 663', ' 1297', ' -1429', ' 190', ' 114', ' 98']",release2finger,False
15:44:08.932995,"['-25', ' 791', ' 1880', ' 81', ' -23', ' -11', ' -341', ' -2034', ' -145']","[' -215', ' 94', ' 5', ' 618', ' 1253', ' -1413', ' 144', ' 124', ' 130']",release2finger,False
15:44:08.936985,"['-115', ' 745', ' 1933', ' 81', ' -23', ' -11', ' -299', ' -2071', ' -144']","[' -205', ' 87', ' -5', ' 615', ' 1246', ' -1389', ' 136', ' 61', ' 97']",release2finger,False
15:44:08.940975,"['17', ' 698', ' 1986', ' 81', ' -23', ' -11', ' -265', ' -2067', ' -158']","[' -192', ' 100', ' 0', ' 612', ' 1266', ' -1405', ' 131', ' 16', ' 78']",release2finger,False
15:44:08.944959,"['-28', ' 736', ' 1976', ' 5', ' 4', ' -30', ' -299', ' -2050', ' -144']","[' -188', ' 113', ' 2', ' 647', ' 1228', ' -1376', ' 104', ' -2', ' 74']",release2finger,False
15:44:08.948948,"['-4', ' 734', ' 1908', ' 5', ' 4', ' -30', ' -307', ' -2031', ' -155']","[' -184', ' 97', ' 12', ' 698', ' 1251', ' -1406', ' 107', ' -8', ' 68']",release2finger,False
15:44:08.952937,"['2', ' 732', ' 1943', ' 5', ' 4', ' -30', ' -304', ' -1976', ' -157']","[' -189', ' 103', ' 15', ' 700', ' 1281', ' -1441', ' 114', ' 18', ' 66']",release2finger,False
15:44:08.955934,"['-9', ' 739', ' 1912', ' 5', ' 4', ' -30', ' -313', ' -1991', ' -157']","[' -206', ' 95', ' 6', ' 695', ' 1303', ' -1438', ' 105', ' 47', ' 100']",release2finger,False
15:44:08.959924,"['25', ' 757', ' 1911', ' 5', ' 4', ' -30', ' -328', ' -2004', ' -173']","[' -224', ' 95', ' 17', ' 718', ' 1284', ' -1452', ' 78', ' 60', ' 117']",release2finger,False
15:44:08.963913,"['39', ' 726', ' 1939', ' 5', ' 4', ' -30', ' -331', ' -2021', ' -161']","[' -223', ' 71', ' 22', ' 706', ' 1254', ' -1427', ' 71', ' 65', ' 80']",release2finger,False
15:44:08.967912,"['50', ' 726', ' 1965', ' 5', ' 4', ' -30', ' -350', ' -2027', ' -157']","[' -226', ' 60', ' 17', ' 687', ' 1240', ' -1444', ' 80', ' 28', ' 49']",release2finger,False
15:44:08.971904,"['17', ' 691', ' 1933', ' 5', ' 4', ' -30', ' -348', ' -2061', ' -165']","[' -229', ' 55', ' 20', ' 696', ' 1283', ' -1428', ' 55', ' 19', ' 40']",release2finger,False
15:44:08.975885,"['-43', ' 748', ' 1918', ' 5', ' 4', ' -30', ' -290', ' -2070', ' -144']","[' -215', ' 50', ' 14', ' 694', ' 1252', ' -1439', ' 29', ' 13', ' 30']",release2finger,False
15:44:08.979875,"['-40', ' 774', ' 1867', ' 5', ' 4', ' -30', ' -300', ' -2052', ' -165']","[' -217', ' 54', ' 16', ' 664', ' 1259', ' -1394', ' 29', ' 24', ' 39']",release2finger,False
15:44:08.983385,"['-61', ' 761', ' 1892', ' -70', ' -4', ' -23', ' -313', ' -2014', ' -154']","[' -216', ' 57', ' -6', ' 679', ' 1234', ' -1369', ' 19', ' 20', ' 48']",release2finger,False
15:44:08.987379,"['-53', ' 781', ' 1890', ' -70', ' -4', ' -23', ' -331', ' -2001', ' -178']","[' -222', ' 60', ' -21', ' 624', ' 1201', ' -1362', ' 33', ' 21', ' 55']",release2finger,False
15:44:08.991368,"['-83', ' 784', ' 1847', ' -70', ' -4', ' -23', ' -320', ' -2043', ' -167']","[' -221', ' 47', ' -30', ' 599', ' 1245', ' -1394', ' 50', ' 3', ' 38']",release2finger,False
15:44:08.995353,"['2', ' 858', ' 1869', ' -70', ' -4', ' -23', ' -379', ' -2009', ' -167']","[' -217', ' 59', ' -68', ' 702', ' 1255', ' -1385', ' 25', ' -21', ' 32']",release2finger,False
15:44:08.999342,"['-45', ' 732', ' 1805', ' -70', ' -4', ' -23', ' -226', ' -2003', ' -155']","[' -227', ' 26', ' -105', ' 673', ' 1186', ' -1394', ' 28', ' -34', ' 27']",release2finger,False
15:44:09.003331,"['-89', ' 775', ' 1928', ' -70', ' -4', ' -23', ' -316', ' -2052', ' -155']","[' -251', ' 70', ' -64', ' 771', ' 1249', ' -1373', ' 58', ' -48', ' 16']",release2finger,False
15:44:09.006420,"['-105', ' 645', ' 1908', ' -70', ' -4', ' -23', ' -398', ' -2036', ' -213']","[' -231', ' 42', ' -75', ' 719', ' 1240', ' -1394', ' 38', ' -5', ' 22']",release2finger,False
15:44:09.010366,"['-118', ' 751', ' 1901', ' -70', ' -4', ' -23', ' -325', ' -1995', ' -201']","[' -233', ' 31', ' -91', ' 702', ' 1257', ' -1476', ' 1', ' 7', ' 48']",release2finger,False
15:44:09.014355,"['-95', ' 727', ' 1846', ' -70', ' -4', ' -23', ' -344', ' -2013', ' -197']","[' -241', ' 23', ' -81', ' 697', ' 1271', ' -1430', ' 20', ' -9', ' 34']",release2finger,False
15:44:09.018344,"['20', ' 783', ' 1869', ' -70', ' -4', ' -23', ' -305', ' -1976', ' -177']","[' -256', ' 13', ' -88', ' 638', ' 1243', ' -1382', ' -12', ' -39', ' 30']",release2finger,False
15:44:09.022601,"['18', ' 740', ' 1838', ' -70', ' -4', ' -23', ' -335', ' -1989', ' -209']","[' -262', ' -1', ' -110', ' 689', ' 1224', ' -1383', ' -25', ' -60', ' 22']",release2finger,False
15:44:09.026550,"['-15', ' 803', ' 1833', ' -166', ' 1', ' -41', ' -269', ' -2041', ' -171']","[' -263', ' 0', ' -112', ' 718', ' 1242', ' -1402', ' -17', ' -33', ' 32']",release2finger,False
15:44:09.030544,"['-52', ' 763', ' 1860', ' -166', ' 1', ' -41', ' -299', ' -2051', ' -170']","[' -274', ' 10', ' -115', ' 688', ' 1254', ' -1401', ' -23', ' 28', ' 74']",release2finger,False
15:44:09.034528,"['-52', ' 737', ' 1869', ' -166', ' 1', ' -41', ' -268', ' -2023', ' -163']","[' -267', ' 3', ' -105', ' 636', ' 1226', ' -1398', ' -54', ' 22', ' 66']",release2finger,False
15:44:09.038518,"['5', ' 720', ' 1898', ' -166', ' 1', ' -41', ' -310', ' -2013', ' -191']","[' -283', ' 9', ' -111', ' 581', ' 1245', ' -1393', ' -54', ' 4', ' 84']",release2finger,False
15:44:09.042507,"['-19', ' 658', ' 1948', ' -166', ' 1', ' -41', ' -367', ' -1994', ' -218']","[' -282', ' 0', ' -109', ' 661', ' 1250', ' -1427', ' -32', ' -25', ' 57']",release2finger,False
15:44:09.046496,"['-52', ' 657', ' 2030', ' -166', ' 1', ' -41', ' -298', ' -2069', ' -222']","[' -294', ' -8', ' -110', ' 860', ' 1401', ' -1359', ' -50', ' -158', ' -13']",release2finger,False
15:44:09.050486,"['72', ' 524', ' 2055', ' -166', ' 1', ' -41', ' -389', ' -2041', ' -238']","[' -258', ' -19', ' -116', ' 646', ' 1374', ' -1459', ' -55', ' 14', ' 35']",release2finger,False
15:44:09.054475,"['66', ' 502', ' 2055', ' -166', ' 1', ' -41', ' -326', ' -2051', ' -234']","[' -246', ' -42', ' -109', ' 902', ' 1264', ' -1426', ' -62', ' 64', ' 80']",release2finger,False
15:44:09.057472,"['-38', ' 628', ' 1989', ' -166', ' 1', ' -41', ' -346', ' -2080', ' -233']","[' -254', ' -28', ' -117', ' 712', ' 1382', ' -1472', ' -147', ' 51', ' 100']",release2finger,False
15:44:09.061461,"['-150', ' 683', ' 1921', ' -166', ' 1', ' -41', ' -262', ' -1987', ' -240']","[' -240', ' -38', ' -105', ' 632', ' 1301', ' -1415', ' -136', ' 45', ' 94']",release2finger,False
15:44:09.065446,"['-44', ' 638', ' 1997', ' -302', ' 31', ' -72', ' -320', ' -2044', ' -252']","[' -257', ' -38', ' -120', ' 690', ' 1235', ' -1376', ' -128', ' -12', ' 47']",release2finger,False
15:44:09.069438,"['-13', ' 548', ' 2060', ' -302', ' 31', ' -72', ' -286', ' -2075', ' -242']","[' -262', ' -55', ' -113', ' 805', ' 1172', ' -1416', ' -126', ' -75', ' -5']",release2finger,False
15:44:09.073429,"['-121', ' 514', ' 2129', ' -302', ' 31', ' -72', ' -329', ' -2099', ' -233']","[' -234', ' -70', ' -116', ' 757', ' 1300', ' -1414', ' -114', ' -23', ' 3']",release2finger,False
15:44:09.077417,"['-195', ' 514', ' 2146', ' -302', ' 31', ' -72', ' -305', ' -2126', ' -241']","[' -221', ' -80', ' -128', ' 746', ' 1308', ' -1466', ' -127', ' 78', ' 30']",release2finger,False
15:44:09.081406,"['-126', ' 537', ' 2134', ' -302', ' 31', ' -72', ' -317', ' -2127', ' -254']","[' -195', ' -73', ' -91', ' 799', ' 1315', ' -1530', ' -131', ' 66', ' 25']",release2finger,False
15:44:09.085425,"['38', ' 561', ' 2122', ' -302', ' 31', ' -72', ' -312', ' -2093', ' -295']","[' -182', ' -89', ' -61', ' 756', ' 1358', ' -1548', ' -215', ' 38', ' 4']",release2finger,False
15:44:09.089413,"['81', ' 568', ' 2054', ' -302', ' 31', ' -72', ' -297', ' -2072', ' -288']","[' -190', ' -106', ' -67', ' 678', ' 1347', ' -1474', ' -281', ' -2', ' -3']",release2finger,False
15:44:09.093403,"['27', ' 598', ' 1952', ' -302', ' 31', ' -72', ' -273', ' -2035', ' -286']","[' -197', ' -96', ' -62', ' 696', ' 1259', ' -1483', ' -278', ' -30', ' -39']",release2finger,False
15:44:09.097392,"['12', ' 642', ' 1911', ' -302', ' 31', ' -72', ' -302', ' -2027', ' -283']","[' -218', ' -103', ' -42', ' 794', ' 1293', ' -1492', ' -264', ' -103', ' -89']",release2finger,False
15:44:09.101380,"['-52', ' 661', ' 1895', ' -302', ' 31', ' -72', ' -306', ' -2024', ' -260']","[' -229', ' -118', ' -46', ' 825', ' 1313', ' -1508', ' -317', ' -41', ' -44']",release2finger,False
15:44:09.105370,"['-19', ' 645', ' 1938', ' -469', ' 63', ' -85', ' -302', ' -2050', ' -249']","[' -228', ' -134', ' -46', ' 766', ' 1281', ' -1482', ' -338', ' 72', ' 21']",release2finger,False
15:44:09.109360,"['-27', ' 579', ' 2002', ' -469', ' 63', ' -85', ' -295', ' -2093', ' -231']","[' -230', ' -144', ' -50', ' 716', ' 1117', ' -1465', ' -354', ' 94', ' 54']",release2finger,False
15:44:09.113349,"['-3', ' 475', ' 2098', ' -469', ' 63', ' -85', ' -308', ' -2026', ' -278']","[' -199', ' -144', ' -37', ' 663', ' 1273', ' -1367', ' -326', ' 62', ' 27']",release2finger,False
15:44:10.074741,"['-1884', ' -364', ' 1242', ' -228', ' 321', ' -234', ' -1624', ' -1174', ' -708']","[' -128', ' 111', ' 59', ' 1667', ' 1234', ' 37', ' 18', ' 51', ' 110']",release2finger,False
15:44:10.076720,"['-1853', ' -339', ' 1149', ' -228', ' 321', ' -234', ' -1690', ' -1115', ' -780']","[' -112', ' 104', ' 32', ' 1681', ' 1268', ' -28', ' 31', ' 11', ' 72']",release2finger,False
15:44:10.080803,"['-1858', ' -348', ' 1157', ' -228', ' 321', ' -234', ' -1702', ' -1097', ' -830']","[' -114', ' 104', ' 40', ' 1643', ' 1323', ' -85', ' 45', ' -5', ' 59']",release2finger,False
15:44:10.084780,"['-1818', ' -368', ' 1156', ' -228', ' 321', ' -234', ' -1631', ' -1137', ' -778']","[' -115', ' 83', ' 57', ' 1696', ' 1312', ' -108', ' 17', ' 15', ' 79']",release2finger,False
15:44:10.088769,"['-1809', ' -367', ' 1198', ' -228', ' 321', ' -234', ' -1651', ' -1136', ' -789']","[' -88', ' 71', ' 45', ' 1714', ' 1324', ' -51', ' 18', ' -1', ' 50']",release2finger,False
15:44:10.092759,"['-1793', ' -356', ' 1191', ' -228', ' 321', ' -234', ' -1668', ' -1138', ' -760']","[' -77', ' 70', ' 57', ' 1671', ' 1280', ' -48', ' -10', ' 6', ' 41']",release2finger,False
15:44:10.096748,"['-1791', ' -344', ' 1182', ' -228', ' 321', ' -234', ' -1677', ' -1118', ' -772']","[' -70', ' 65', ' 57', ' 1650', ' 1274', ' -14', ' -3', ' 17', ' 37']",release2finger,False
15:44:10.099744,"['-1816', ' -301', ' 1138', ' -228', ' 321', ' -234', ' -1672', ' -1111', ' -752']","[' -60', ' 55', ' 59', ' 1632', ' 1285', ' -55', ' -1', ' 21', ' 27']",release2finger,False
15:44:10.103734,"['-1844', ' -273', ' 1082', ' -228', ' 321', ' -234', ' -1639', ' -1070', ' -754']","[' -68', ' 43', ' 46', ' 1553', ' 1303', ' -56', ' -9', ' 18', ' 32']",release2finger,False
15:44:10.107723,"['-1820', ' -238', ' 1076', ' -232', ' 241', ' -177', ' -1630', ' -1077', ' -743']","[' -72', ' 41', ' 36', ' 1580', ' 1279', ' -47', ' -8', ' -16', ' 17']",release2finger,False
15:44:10.111713,"['-1778', ' -253', ' 1104', ' -232', ' 241', ' -177', ' -1602', ' -1106', ' -716']","[' -70', ' 36', ' 41', ' 1608', ' 1288', ' -37', ' -9', ' -11', ' 9']",release2finger,False
15:44:10.115702,"['-1753', ' -294', ' 1137', ' -232', ' 241', ' -177', ' -1594', ' -1128', ' -719']","[' -79', ' 47', ' 37', ' 1628', ' 1290', ' -24', ' 0', ' -5', ' 16']",release2finger,False
15:44:10.119691,"['-1720', ' -332', ' 1220', ' -232', ' 241', ' -177', ' -1602', ' -1142', ' -701']","[' -49', ' 49', ' 45', ' 1641', ' 1285', ' -25', ' -4', ' 1', ' 4']",release2finger,False
15:44:10.123681,"['-1697', ' -333', ' 1216', ' -232', ' 241', ' -177', ' -1601', ' -1142', ' -702']","[' -32', ' 49', ' 40', ' 1599', ' 1287', ' -43', ' -8', ' 17', ' -4']",release2finger,False
15:44:10.127671,"['-1724', ' -320', ' 1196', ' -232', ' 241', ' -177', ' -1602', ' -1109', ' -731']","[' -30', ' 46', ' 53', ' 1597', ' 1300', ' -73', ' -3', ' 10', ' -17']",release2finger,False
15:44:10.131654,"['-1736', ' -298', ' 1138', ' -232', ' 241', ' -177', ' -1625', ' -1082', ' -724']","[' -26', ' 39', ' 57', ' 1574', ' 1290', ' -84', ' -15', ' 13', ' -16']",release2finger,False
15:44:10.135644,"['-1730', ' -284', ' 1119', ' -232', ' 241', ' -177', ' -1621', ' -1102', ' -734']","[' -20', ' 38', ' 63', ' 1586', ' 1294', ' -99', ' -15', ' 12', ' -26']",release2finger,False
15:44:10.139633,"['-1742', ' -267', ' 1109', ' -232', ' 241', ' -177', ' -1615', ' -1082', ' -736']","[' -31', ' 37', ' 60', ' 1600', ' 1299', ' -55', ' -24', ' -8', ' -33']",release2finger,False
15:44:10.143622,"['-1744', ' -285', ' 1128', ' -232', ' 241', ' -177', ' -1590', ' -1095', ' -716']","[' -19', ' 28', ' 72', ' 1613', ' 1288', ' -52', ' -30', ' 2', ' -34']",release2finger,False
15:44:10.147612,"['-1740', ' -285', ' 1157', ' -232', ' 241', ' -177', ' -1588', ' -1121', ' -706']","[' -11', ' 23', ' 64', ' 1580', ' 1304', ' -51', ' -29', ' -1', ' -47']",release2finger,False
15:44:10.151601,"['-1708', ' -292', ' 1156', ' -151', ' 120', ' -111', ' -1588', ' -1107', ' -703']","[' -5', ' 39', ' 58', ' 1532', ' 1274', ' -51', ' -36', ' -3', ' -52']",release2finger,False
15:44:10.154613,"['-1692', ' -289', ' 1153', ' -151', ' 120', ' -111', ' -1580', ' -1100', ' -697']","[' 4', ' 32', ' 59', ' 1507', ' 1287', ' -39', ' -40', ' -3', ' -44']",release2finger,False
15:44:10.158588,"['-1744', ' -282', ' 1136', ' -151', ' 120', ' -111', ' -1594', ' -1096', ' -693']","[' 11', ' 39', ' 62', ' 1526', ' 1253', ' -38', ' -36', ' -17', ' -44']",release2finger,False
15:44:10.162577,"['-1738', ' -255', ' 1097', ' -151', ' 120', ' -111', ' -1601', ' -1096', ' -710']","[' -1', ' 43', ' 56', ' 1525', ' 1250', ' 4', ' -28', ' -27', ' -35']",release2finger,False
15:44:10.166566,"['-1765', ' -219', ' 1060', ' -151', ' 120', ' -111', ' -1591', ' -1066', ' -691']","[' 10', ' 40', ' 48', ' 1532', ' 1250', ' -21', ' -16', ' -10', ' -37']",release2finger,False
15:44:10.170564,"['-1748', ' -199', ' 1044', ' -151', ' 120', ' -111', ' -1561', ' -1032', ' -684']","[' -3', ' 50', ' 53', ' 1512', ' 1269', ' -42', ' -19', ' -14', ' -45']",release2finger,False
15:44:10.174872,"['-1721', ' -194', ' 1073', ' -151', ' 120', ' -111', ' -1566', ' -1071', ' -666']","[' 6', ' 48', ' 44', ' 1491', ' 1274', ' -50', ' -9', ' -23', ' -27']",release2finger,False
15:44:10.178558,"['-1691', ' -215', ' 1079', ' -151', ' 120', ' -111', ' -1586', ' -1067', ' -677']","[' 4', ' 46', ' 44', ' 1483', ' 1273', ' -54', ' -17', ' -30', ' -25']",release2finger,False
15:44:10.182549,"['-1667', ' -219', ' 1091', ' -151', ' 120', ' -111', ' -1568', ' -1070', ' -670']","[' -4', ' 45', ' 58', ' 1512', ' 1270', ' -34', ' -12', ' -39', ' -17']",release2finger,False
15:44:10.186044,"['-1674', ' -219', ' 1095', ' -151', ' 120', ' -111', ' -1569', ' -1062', ' -652']","[' -1', ' 68', ' 54', ' 1513', ' 1275', ' -42', ' -10', ' -40', ' 3']",release2finger,False
15:44:10.190028,"['-1700', ' -205', ' 1080', ' -46', ' 56', ' -54', ' -1551', ' -1027', ' -644']","[' -5', ' 59', ' 60', ' 1537', ' 1262', ' -38', ' -14', ' -18', ' 5']",release2finger,False
15:44:10.194022,"['-1710', ' -185', ' 1050', ' -46', ' 56', ' -54', ' -1586', ' -1045', ' -644']","[' -2', ' 67', ' 59', ' 1542', ' 1267', ' -32', ' -1', ' -14', ' 1']",release2finger,False
15:44:10.198177,"['-1726', ' -192', ' 1054', ' -46', ' 56', ' -54', ' -1589', ' -1037', ' -657']","[' -16', ' 62', ' 44', ' 1548', ' 1268', ' -39', ' -12', ' 14', ' 5']",release2finger,False
15:44:10.202186,"['-1751', ' -184', ' 1030', ' -46', ' 56', ' -54', ' -1597', ' -1022', ' -660']","[' -32', ' 62', ' 42', ' 1547', ' 1283', ' -38', ' 6', ' 15', ' 21']",release2finger,False
15:44:10.206175,"['-1723', ' -187', ' 1035', ' -46', ' 56', ' -54', ' -1594', ' -1048', ' -668']","[' -43', ' 52', ' 41', ' 1522', ' 1277', ' -37', ' -11', ' 13', ' 25']",release2finger,False
15:44:10.210165,"['-1699', ' -180', ' 1039', ' -46', ' 56', ' -54', ' -1582', ' -1033', ' -660']","[' -58', ' 64', ' 51', ' 1516', ' 1287', ' -28', ' -12', ' 12', ' 23']",release2finger,False
15:44:10.214154,"['-1690', ' -207', ' 1026', ' -46', ' 56', ' -54', ' -1556', ' -1045', ' -666']","[' -60', ' 55', ' 45', ' 1503', ' 1281', ' -15', ' -5', ' 19', ' 45']",release2finger,False
15:44:10.218143,"['-1664', ' -224', ' 1090', ' -46', ' 56', ' -54', ' -1557', ' -1088', ' -652']","[' -54', ' 69', ' 52', ' 1551', ' 1270', ' -27', ' -9', ' 52', ' 59']",release2finger,False
15:44:10.221136,"['-1676', ' -240', ' 1098', ' -46', ' 56', ' -54', ' -1600', ' -1086', ' -667']","[' -45', ' 71', ' 60', ' 1564', ' 1271', ' -22', ' 0', ' 67', ' 72']",release2finger,False
15:44:10.225129,"['-1708', ' -275', ' 1128', ' -46', ' 56', ' -54', ' -1613', ' -1070', ' -666']","[' -41', ' 76', ' 64', ' 1556', ' 1266', ' -30', ' -7', ' 61', ' 58']",release2finger,False
15:44:10.229118,"['-1745', ' -280', ' 1111', ' 14', ' 48', ' -34', ' -1650', ' -1079', ' -690']","[' -20', ' 70', ' 79', ' 1557', ' 1269', ' -49', ' -11', ' 48', ' 49']",release2finger,False
15:44:10.233108,"['-1806', ' -281', ' 1074', ' 14', ' 48', ' -34', ' -1622', ' -1046', ' -704']","[' -7', ' 49', ' 81', ' 1526', ' 1289', ' -65', ' -22', ' 34', ' 24']",release2finger,False
15:44:10.237094,"['-1808', ' -278', ' 1067', ' 14', ' 48', ' -34', ' -1602', ' -1085', ' -686']","[' 13', ' 46', ' 75', ' 1537', ' 1293', ' -53', ' -31', ' 14', ' 13']",release2finger,False
15:44:10.241081,"['-1752', ' -308', ' 1126', ' 14', ' 48', ' -34', ' -1604', ' -1101', ' -707']","[' 26', ' 43', ' 72', ' 1555', ' 1266', ' 7', ' -31', ' -3', ' -2']",pinch2finger,True
15:44:10.245072,"['-1730', ' -336', ' 1143', ' 14', ' 48', ' -34', ' -1609', ' -1107', ' -730']","[' 35', ' 38', ' 68', ' 1589', ' 1254', ' 16', ' -40', ' 2', ' 9']",pinch2finger,True
15:44:10.249061,"['-1740', ' -333', ' 1152', ' 14', ' 48', ' -34', ' -1604', ' -1093', ' -741']","[' 34', ' 51', ' 66', ' 1594', ' 1257', ' -15', ' -43', ' 9', ' 4']",pinch2finger,True
15:44:10.253051,"['-1790', ' -288', ' 1101', ' 14', ' 48', ' -34', ' -1600', ' -1077', ' -705']","[' 26', ' 44', ' 58', ' 1531', ' 1284', ' -34', ' -34', ' -1', ' -5']",pinch2finger,True
15:44:10.256043,"['-1785', ' -266', ' 1036', ' 14', ' 48', ' -34', ' -1593', ' -1049', ' -743']","[' 15', ' 29', ' 58', ' 1515', ' 1283', ' -28', ' -36', ' -9', ' -5']",pinch2finger,True
15:44:10.260036,"['-1780', ' -245', ' 1042', ' 14', ' 48', ' -34', ' -1619', ' -1032', ' -747']","[' 18', ' 48', ' 38', ' 1518', ' 1255', ' -6', ' -22', ' -14', ' 8']",pinch2finger,True
15:44:10.264026,"['-1764', ' -259', ' 1043', ' 14', ' 48', ' -34', ' -1626', ' -1024', ' -734']","[' -18', ' 41', ' 33', ' 1530', ' 1252', ' -5', ' -26', ' 0', ' 17']",pinch2finger,True
15:44:10.268015,"['-1765', ' -235', ' 1030', ' 16', ' 46', ' -39', ' -1592', ' -1012', ' -709']","[' -36', ' 44', ' 15', ' 1555', ' 1261', ' 17', ' -6', ' -4', ' 30']",pinch2finger,True
15:44:10.272019,"['-1754', ' -248', ' 1038', ' 16', ' 46', ' -39', ' -1578', ' -1030', ' -709']","[' -37', ' 52', ' 4', ' 1558', ' 1268', ' -24', ' -13', ' -12', ' 22']",pinch2finger,True
15:44:10.275997,"['-1715', ' -245', ' 1041', ' 16', ' 46', ' -39', ' -1580', ' -1041', ' -704']","[' -40', ' 54', ' 4', ' 1550', ' 1263', ' -20', ' -7', ' -7', ' 14']",pinch2finger,True
15:44:10.279991,"['-1723', ' -266', ' 1086', ' 16', ' 46', ' -39', ' -1619', ' -1060', ' -714']","[' -44', ' 58', ' 9', ' 1526', ' 1269', ' -29', ' -3', ' -25', ' 17']",pinch2finger,True
15:44:10.283980,"['-1706', ' -292', ' 1103', ' 16', ' 46', ' -39', ' -1609', ' -1054', ' -714']","[' -42', ' 62', ' 15', ' 1541', ' 1272', ' -26', ' -22', ' -31', ' 21']",pinch2finger,True
15:44:10.287499,"['-1728', ' -272', ' 1093', ' 16', ' 46', ' -39', ' -1589', ' -1056', ' -696']","[' -33', ' 57', ' 20', ' 1565', ' 1286', ' -10', ' -32', ' -38', ' 23']",pinch2finger,True
15:44:10.291502,"['-1733', ' -253', ' 1090', ' 16', ' 46', ' -39', ' -1605', ' -1057', ' -685']","[' -33', ' 62', ' 12', ' 1576', ' 1265', ' -28', ' -20', ' -36', ' 28']",pinch2finger,True
15:44:10.295491,"['-1741', ' -251', ' 1043', ' 16', ' 46', ' -39', ' -1616', ' -1045', ' -690']","[' -36', ' 53', ' 21', ' 1585', ' 1276', ' -25', ' -21', ' -20', ' 26']",pinch2finger,True
15:44:10.299480,"['-1775', ' -232', ' 1036', ' 16', ' 46', ' -39', ' -1620', ' -1021', ' -696']","[' -38', ' 47', ' 17', ' 1554', ' 1271', ' -30', ' -24', ' -13', ' 40']",pinch2finger,True
15:44:10.303478,"['-1786', ' -241', ' 1060', ' 16', ' 46', ' -39', ' -1625', ' -1031', ' -685']","[' -37', ' 43', ' 7', ' 1542', ' 1272', ' -1', ' -22', ' 9', ' 51']",pinch2finger,True
15:44:10.307454,"['-1763', ' -268', ' 1061', ' 16', ' 46', ' -39', ' -1617', ' -1042', ' -696']","[' -46', ' 38', ' 11', ' 1548', ' 1273', ' 5', ' -23', ' -3', ' 54']",pinch2finger,True
15:44:10.311443,"['-1734', ' -261', ' 1078', ' -3', ' 31', ' -41', ' -1642', ' -1027', ' -692']","[' -41', ' 31', ' 13', ' 1552', ' 1262', ' 26', ' -28', ' -7', ' 49']",pinch2finger,True
15:44:10.314441,"['-1740', ' -274', ' 1067', ' -3', ' 31', ' -41', ' -1627', ' -1029', ' -695']","[' -39', ' 32', ' 3', ' 1582', ' 1240', ' 11', ' -19', ' -21', ' 40']",pinch2finger,True
15:44:10.318429,"['-1761', ' -264', ' 1053', ' -3', ' 31', ' -41', ' -1600', ' -1041', ' -693']","[' -46', ' 30', ' 18', ' 1596', ' 1246', ' -3', ' -6', ' -21', ' 29']",pinch2finger,True
15:44:10.322414,"['-1761', ' -254', ' 1049', ' -3', ' 31', ' -41', ' -1629', ' -1021', ' -699']","[' -51', ' 40', ' -6', ' 1591', ' 1258', ' 2', ' -21', ' -8', ' 22']",pinch2finger,True
15:44:10.326407,"['-1756', ' -266', ' 1037', ' -3', ' 31', ' -41', ' -1640', ' -1012', ' -719']","[' -59', ' 31', ' -7', ' 1589', ' 1259', ' -1', ' -7', ' -6', ' 30']",pinch2finger,True
15:44:10.330393,"['-1813', ' -258', ' 1024', ' -3', ' 31', ' -41', ' -1626', ' -1033', ' -734']","[' -62', ' 37', ' -7', ' 1565', ' 1270', ' -19', ' -8', ' 10', ' 23']",pinch2finger,True
15:44:10.334382,"['-1777', ' -293', ' 1063', ' -3', ' 31', ' -41', ' -1580', ' -1035', ' -723']","[' -64', ' 24', ' -2', ' 1554', ' 1315', ' -39', ' -17', ' 3', ' 37']",pinch2finger,True
15:44:10.338371,"['-1681', ' -320', ' 1119', ' -3', ' 31', ' -41', ' -1574', ' -1045', ' -717']","[' -54', ' 41', ' -8', ' 1565', ' 1285', ' -22', ' -36', ' -4', ' 35']",pinch2finger,True
15:44:10.342361,"['-1685', ' -334', ' 1120', ' -3', ' 31', ' -41', ' -1641', ' -1071', ' -728']","[' -53', ' 58', ' -11', ' 1586', ' 1281', ' -11', ' -28', ' -22', ' 30']",pinch2finger,True
15:44:10.346355,"['-1718', ' -328', ' 1136', ' -3', ' 31', ' -41', ' -1616', ' -1060', ' -726']","[' -36', ' 56', ' 22', ' 1592', ' 1277', ' -23', ' -48', ' -10', ' 31']",pinch2finger,True
15:44:10.350339,"['-1785', ' -324', ' 1119', ' -11', ' 3', ' -33', ' -1634', ' -1072', ' -718']","[' -33', ' 53', ' 11', ' 1589', ' 1273', ' -25', ' -50', ' 3', ' 30']",pinch2finger,True
15:44:10.354329,"['-1842', ' -303', ' 1090', ' -11', ' 3', ' -33', ' -1632', ' -1073', ' -723']","[' -24', ' 44', ' 18', ' 1567', ' 1273', ' -27', ' -45', ' -24', ' 30']",pinch2finger,True
15:44:10.358318,"['-1805', ' -285', ' 1056', ' -11', ' 3', ' -33', ' -1642', ' -1055', ' -727']","[' -20', ' 33', ' 16', ' 1551', ' 1294', ' -43', ' -49', ' -34', ' 26']",pinch2finger,True
15:44:10.362307,"['-1762', ' -271', ' 1069', ' -11', ' 3', ' -33', ' -1638', ' -1059', ' -729']","[' -12', ' 35', ' 14', ' 1548', ' 1267', ' -23', ' -60', ' -32', ' 25']",pinch2finger,True
15:44:10.366297,"['-1737', ' -293', ' 1092', ' -11', ' 3', ' -33', ' -1635', ' -1045', ' -722']","[' -14', ' 27', ' 11', ' 1553', ' 1228', ' 26', ' -58', ' -46', ' 30']",pinch2finger,False
15:44:10.369298,"['-1743', ' -288', ' 1103', ' -11', ' 3', ' -33', ' -1621', ' -1050', ' -708']","[' -32', ' 32', ' -5', ' 1559', ' 1245', ' 7', ' -56', ' -33', ' 41']",pinch2finger,False
15:44:10.374284,"['-1769', ' -276', ' 1076', ' -11', ' 3', ' -33', ' -1608', ' -1045', ' -668']","[' -29', ' 24', ' 1', ' 1562', ' 1257', ' -3', ' -47', ' -16', ' 66']",pinch2finger,False
15:44:10.377281,"['-1778', ' -262', ' 1063', ' -11', ' 3', ' -33', ' -1638', ' -1034', ' -701']","[' -23', ' 23', ' -14', ' 1203', ' 1717', ' -276', ' -37', ' 49', ' 34']",pinch2finger,False
15:44:10.381271,"['-1789', ' -300', ' 1086', ' -11', ' 3', ' -33', ' -1637', ' -1020', ' -689']","[' -11', ' 14', ' -10', ' 1737', ' 1194', ' 76', ' -160', ' -76', ' 98']",pinch2finger,False
15:44:10.385619,"['-1814', ' -267', ' 1051', ' -11', ' 3', ' -33', ' -1684', ' -1032', ' -756']","[' -8', ' 5', ' -15', ' 1687', ' 1210', ' 152', ' -5', ' -22', ' 17']",pinch2finger,False
15:44:10.389608,"['-1777', ' -282', ' 1104', ' -19', ' -18', ' -25', ' -1632', ' -1057', ' -744']","[' -26', ' -15', ' 2', ' 1647', ' 1217', ' -80', ' -48', ' -52', ' -2']",pinch2finger,False
15:44:10.393597,"['-1730', ' -309', ' 1129', ' -19', ' -18', ' -25', ' -1598', ' -1067', ' -651']","[' -7', ' -14', ' 5', ' 1525', ' 1337', ' 1', ' -26', ' -7', ' -11']",pinch2finger,False
15:44:10.397823,"['-1663', ' -298', ' 1105', ' -19', ' -18', ' -25', ' -1597', ' -1049', ' -704']","[' 9', ' -7', ' -10', ' 1479', ' 1195', ' -9', ' -59', ' -73', ' -16']",pinch2finger,False
15:44:10.400808,"['-1679', ' -286', ' 1096', ' -19', ' -18', ' -25', ' -1583', ' -1039', ' -733']","[' 7', ' 8', ' -14', ' 1547', ' 1287', ' 30', ' -21', ' -77', ' -47']",pinch2finger,False
15:44:10.404804,"['-1709', ' -292', ' 1085', ' -19', ' -18', ' -25', ' -1622', ' -1052', ' -702']","[' 10', ' 14', ' 7', ' 1584', ' 1246', ' -22', ' -41', ' -44', ' -8']",pinch2finger,False
15:44:10.408799,"['-1770', ' -278', ' 1084', ' -19', ' -18', ' -25', ' -1599', ' -1050', ' -694']","[' 17', ' 18', ' 6', ' 1572', ' 1265', ' 4', ' -30', ' -35', ' -6']",pinch2finger,False
15:44:10.412788,"['-1734', ' -280', ' 1059', ' -19', ' -18', ' -25', ' -1598', ' -1031', ' -716']","[' 31', ' 19', ' -3', ' 1580', ' 1262', ' 5', ' -35', ' -36', ' -16']",pinch2finger,False
15:44:10.416777,"['-1726', ' -291', ' 1078', ' -19', ' -18', ' -25', ' -1639', ' -1010', ' -718']","[' 19', ' 22', ' -4', ' 1561', ' 1272', ' 4', ' -43', ' -60', ' -37']",pinch2finger,False
15:44:10.420766,"['-1759', ' -282', ' 1063', ' -19', ' -18', ' -25', ' -1625', ' -1012', ' -707']","[' 22', ' 9', ' 2', ' 1574', ' 1265', ' -36', ' -47', ' -49', ' -22']",pinch2finger,False
15:44:10.424756,"['-1766', ' -278', ' 1057', ' -19', ' -18', ' -25', ' -1595', ' -1030', ' -702']","[' 16', ' 14', ' 13', ' 1523', ' 1311', ' -34', ' -46', ' -45', ' -1']",pinch2finger,False
15:44:10.428950,"['-1721', ' -257', ' 1032', ' -18', ' -21', ' -13', ' -1587', ' -1039', ' -720']","[' 13', ' 2', ' 11', ' 1467', ' 1300', ' -104', ' -96', ' -79', ' 69']",pinch2finger,False
15:44:10.432458,"['-1709', ' -257', ' 1048', ' -18', ' -21', ' -13', ' -1609', ' -1023', ' -720']","[' 15', ' 28', ' -4', ' 1688', ' 1154', ' 0', ' -111', ' -87', ' 25']",pinch2finger,False
15:44:10.436447,"['-1742', ' -296', ' 1068', ' -18', ' -21', ' -13', ' -1639', ' -1018', ' -726']","[' 11', ' 19', ' 1', ' 1614', ' 1249', ' 81', ' -68', ' -56', ' -13']",pinch2finger,False
15:44:10.440437,"['-1755', ' -288', ' 1068', ' -18', ' -21', ' -13', ' -1611', ' -1053', ' -696']","[' -7', ' 19', ' 4', ' 1596', ' 1209', ' -1', ' -71', ' -30', ' -12']",pinch2finger,False
15:44:10.444427,"['-1771', ' -251', ' 1077', ' -18', ' -21', ' -13', ' -1588', ' -1058', ' -664']","[' 5', ' 7', ' 0', ' 1559', ' 1270', ' 2', ' -82', ' -21', ' -7']",pinch2finger,False
15:44:10.448415,"['-1751', ' -258', ' 1078', ' -18', ' -21', ' -13', ' -1583', ' -1042', ' -698']","[' 13', ' 18', ' -11', ' 1524', ' 1251', ' -9', ' -68', ' -55', ' -25']",pinch2finger,False
15:44:10.452416,"['-1724', ' -248', ' 1068', ' -18', ' -21', ' -13', ' -1604', ' -1020', ' -726']","[' 11', ' 28', ' -17', ' 1540', ' 1277', ' -6', ' -57', ' -56', ' -25']",pinch2finger,False
15:44:10.456390,"['-1747', ' -256', ' 1052', ' -18', ' -21', ' -13', ' -1626', ' -1029', ' -716']","[' -8', ' 27', ' -6', ' 1550', ' 1258', ' -20', ' -68', ' -37', ' 1']",pinch2finger,False
15:44:10.460379,"['-1744', ' -245', ' 1041', ' -18', ' -21', ' -13', ' -1613', ' -1032', ' -697']","[' -2', ' 27', ' -5', ' 1526', ' 1307', ' -83', ' -69', ' -18', ' 23']",pinch2finger,False
15:44:10.464368,"['-1785', ' -216', ' 1032', ' -18', ' -21', ' -13', ' -1586', ' -1058', ' -692']","[' -14', ' 15', ' -15', ' 1562', ' 1286', ' -42', ' -134', ' -61', ' 133']",pinch2finger,False
15:44:10.468358,"['-1795', ' -224', ' 1049', ' -18', ' -21', ' -13', ' -1612', ' -1043', ' -687']","[' -19', ' 22', ' -31', ' 1673', ' 1189', ' 24', ' -110', ' -62', ' 41']",pinch2finger,False
15:44:10.471357,"['-1768', ' -227', ' 1026', ' 5', ' -19', ' 3', ' -1619', ' -1016', ' -725']","[' -17', ' 7', ' -25', ' 1609', ' 1240', ' 42', ' -99', ' -32', ' 25']",pinch2finger,False
15:44:10.475346,"['-1704', ' -250', ' 1038', ' 5', ' -19', ' 3', ' -1616', ' -1014', ' -711']","[' -40', ' 0', ' -22', ' 1610', ' 1258', ' -22', ' -71', ' 1', ' 46']",pinch2finger,False
15:44:10.479335,"['-1716', ' -225', ' 1035', ' 5', ' -19', ' 3', ' -1594', ' -1015', ' -676']","[' -46', ' 12', ' -12', ' 1579', ' 1276', ' -24', ' -120', ' 21', ' 61']",pinch2finger,False
15:44:10.483320,"['-1753', ' -224', ' 1067', ' 5', ' -19', ' 3', ' -1598', ' -1049', ' -688']","[' -45', ' 8', ' -27', ' 1579', ' 1254', ' -56', ' -118', ' -28', ' 48']",pinch2finger,False
15:44:10.487816,"['-1742', ' -261', ' 1094', ' 5', ' -19', ' 3', ' -1616', ' -1064', ' -704']","[' -47', ' 10', ' -33', ' 1461', ' 1431', ' -178', ' -133', ' 10', ' 60']",pinch2finger,False
15:44:10.491805,"['-1729', ' -286', ' 1099', ' 5', ' -19', ' 3', ' -1584', ' -1075', ' -717']","[' -57', ' 11', ' -12', ' 1617', ' 1302', ' -24', ' -196', ' 6', ' 131']",pinch2finger,False
15:44:10.495795,"['-1669', ' -292', ' 1114', ' 5', ' -19', ' 3', ' -1578', ' -1098', ' -709']","[' -44', ' -2', ' -7', ' 1670', ' 1202', ' -13', ' -144', ' 9', ' 61']",pinch2finger,False
15:44:10.498792,"['-1646', ' -307', ' 1149', ' 5', ' -19', ' 3', ' -1614', ' -1086', ' -739']","[' -47', ' 1', ' 5', ' 1589', ' 1277', ' -11', ' -165', ' 2', ' 53']",pinch2finger,False
15:44:10.502781,"['-1686', ' -301', ' 1161', ' 5', ' -19', ' 3', ' -1624', ' -1084', ' -708']","[' -42', ' -1', ' 14', ' 1558', ' 1291', ' -16', ' -178', ' -2', ' 67']",pinch2finger,False
15:44:10.506771,"['-1759', ' -318', ' 1126', ' 5', ' -19', ' 3', ' -1636', ' -1104', ' -697']","[' -39', ' -1', ' 27', ' 1534', ' 1267', ' -39', ' -199', ' 9', ' 97']",pinch2finger,False
15:44:10.510754,"['-1748', ' -291', ' 1121', ' 4', ' -30', ' 11', ' -1612', ' -1087', ' -720']","[' -37', ' -12', ' 13', ' 1523', ' 1280', ' -33', ' -180', ' -15', ' 87']",pinch2finger,False
15:44:10.514744,"['-1787', ' -271', ' 1096', ' 4', ' -30', ' 11', ' -1633', ' -1081', ' -732']","[' -29', ' -19', ' 0', ' 1537', ' 1300', ' -57', ' -211', ' -9', ' 87']",pinch2finger,False
15:44:10.518734,"['-1775', ' -266', ' 1080', ' 4', ' -30', ' 11', ' -1601', ' -1079', ' -724']","[' -42', ' -26', ' -6', ' 1419', ' 1415', ' -195', ' -214', ' 9', ' 122']",pinch2finger,False
15:44:10.522724,"['-1781', ' -259', ' 1112', ' 4', ' -30', ' 11', ' -1604', ' -1107', ' -707']","[' -32', ' -25', ' -7', ' 1635', ' 1250', ' -25', ' -250', ' -16', ' 204']",pinch2finger,False
15:44:10.526712,"['-1730', ' -337', ' 1122', ' 4', ' -30', ' 11', ' -1648', ' -1093', ' -722']","[' -23', ' -28', ' -13', ' 1704', ' 1198', ' 29', ' -220', ' -65', ' 84']",pinch2finger,False
15:44:10.530701,"['-1714', ' -337', ' 1191', ' 4', ' -30', ' 11', ' -1647', ' -1100', ' -752']","[' -14', ' -45', ' 0', ' 1708', ' 1236', ' -11', ' -234', ' -69', ' 75']",pinch2finger,False
15:44:10.534691,"['-1724', ' -340', ' 1192', ' 4', ' -30', ' 11', ' -1639', ' -1122', ' -696']","[' -7', ' -50', ' 7', ' 1649', ' 1273', ' -29', ' -236', ' 0', ' 103']",pinch2finger,False
15:44:10.538682,"['-1743', ' -325', ' 1158', ' 4', ' -30', ' 11', ' -1622', ' -1128', ' -679']","[' 16', ' -58', ' 2', ' 1587', ' 1253', ' -36', ' -263', ' -13', ' 79']",pinch2finger,False
15:44:10.542707,"['-1753', ' -304', ' 1162', ' 4', ' -30', ' 11', ' -1625', ' -1079', ' -723']","[' 27', ' -52', ' -4', ' 1591', ' 1264', ' -39', ' -259', ' -38', ' 68']",pinch2finger,False
15:44:10.545699,"['-1782', ' -313', ' 1131', ' 4', ' -30', ' 11', ' -1644', ' -1066', ' -744']","[' 32', ' -60', ' 1', ' 1536', ' 1274', ' -91', ' -267', ' -25', ' 80']",pinch2finger,False
15:44:10.549689,"['-1782', ' -325', ' 1164', ' -51', ' -64', ' 20', ' -1633', ' -1060', ' -726']","[' 37', ' -75', ' 6', ' 1552', ' 1264', ' 14', ' -290', ' -66', ' 154']",pinch2finger,False
15:44:10.553678,"['-1742', ' -348', ' 1143', ' -51', ' -64', ' 20', ' -1625', ' -1082', ' -711']","[' 34', ' -93', ' 7', ' 1703', ' 1169', ' 88', ' -268', ' -91', ' 89']",pinch2finger,False
15:44:10.557670,"['-1711', ' -328', ' 1134', ' -51', ' -64', ' 20', ' -1630', ' -1088', ' -714']","[' 63', ' -92', ' 15', ' 1709', ' 1190', ' 86', ' -277', ' -84', ' 60']",pinch2finger,False
15:44:10.561660,"['-1738', ' -309', ' 1152', ' -51', ' -64', ' 20', ' -1622', ' -1075', ' -707']","[' 55', ' -78', ' 17', ' 1670', ' 1216', ' 45', ' -253', ' -45', ' 63']",pinch2finger,False
15:44:10.565649,"['-1741', ' -308', ' 1128', ' -51', ' -64', ' 20', ' -1613', ' -1091', ' -694']","[' 62', ' -81', ' 8', ' 1625', ' 1253', ' 5', ' -245', ' -14', ' 73']",pinch2finger,False
15:44:10.569641,"['-1739', ' -295', ' 1124', ' -51', ' -64', ' 20', ' -1599', ' -1087', ' -709']","[' 70', ' -77', ' 1', ' 1562', ' 1244', ' -8', ' -254', ' -25', ' 55']",pinch2finger,False
15:44:10.573638,"['-1768', ' -296', ' 1086', ' -51', ' -64', ' 20', ' -1630', ' -1061', ' -726']","[' 80', ' -80', ' 5', ' 1575', ' 1237', ' 0', ' -249', ' -68', ' 41']",pinch2finger,False
15:44:10.577627,"['-1741', ' -305', ' 1123', ' -51', ' -64', ' 20', ' -1616', ' -1073', ' -717']","[' 65', ' -69', ' 12', ' 1587', ' 1241', ' -8', ' -238', ' -66', ' 31']",pinch2finger,False
15:44:10.581625,"['-1714', ' -302', ' 1120', ' -51', ' -64', ' 20', ' -1618', ' -1063', ' -713']","[' 71', ' -75', ' 25', ' 1601', ' 1242', ' 16', ' -226', ' -73', ' 26']",pinch2finger,False
15:44:10.585106,"['-1665', ' -321', ' 1123', ' -51', ' -64', ' 20', ' -1618', ' -1039', ' -726']","[' 71', ' -72', ' 8', ' 1604', ' 1242', ' 8', ' -227', ' -84', ' -6']",pinch2finger,False
15:44:10.589103,"['-1710', ' -296', ' 1125', ' -96', ' -86', ' 49', ' -1612', ' -1063', ' -736']","[' 66', ' -73', ' 21', ' 1600', ' 1258', ' -4', ' -209', ' -85', ' -24']",pinch2finger,False
15:44:10.593092,"['-1732', ' -278', ' 1121', ' -96', ' -86', ' 49', ' -1606', ' -1072', ' -711']","[' 65', ' -69', ' 24', ' 1637', ' 1255', ' -23', ' -209', ' -58', ' -9']",pinch2finger,False
15:44:10.597081,"['-1712', ' -271', ' 1123', ' -96', ' -86', ' 49', ' -1617', ' -1067', ' -697']","[' 62', ' -68', ' 29', ' 1592', ' 1232', ' -3', ' -215', ' -27', ' 0']",pinch2finger,False
15:44:10.601071,"['-1707', ' -264', ' 1118', ' -96', ' -86', ' 49', ' -1630', ' -1041', ' -687']","[' 60', ' -77', ' 37', ' 1572', ' 1248', ' 13', ' -212', ' -59', ' -6']",pinch2finger,False
15:44:10.605055,"['-1716', ' -282', ' 1128', ' -96', ' -86', ' 49', ' -1639', ' -1036', ' -690']","[' 55', ' -79', ' 35', ' 1594', ' 1231', ' 9', ' -198', ' -43', ' -5']",pinch2finger,False
15:44:10.609045,"['-1727', ' -265', ' 1117', ' -96', ' -86', ' 49', ' -1629', ' -1043', ' -680']","[' 51', ' -89', ' 43', ' 1493', ' 1288', ' -38', ' -188', ' -20', ' -22']",pinch2finger,False
15:44:10.613034,"['-1739', ' -247', ' 1094', ' -96', ' -86', ' 49', ' -1608', ' -1066', ' -661']","[' 60', ' -91', ' 42', ' 1657', ' 1246', ' 56', ' -198', ' -48', ' 12']",pinch2finger,False
15:44:10.617023,"['-1737', ' -222', ' 1128', ' -96', ' -86', ' 49', ' -1788', ' -1077', ' -657']","[' 54', ' -93', ' 47', ' 1567', ' 1083', ' 51', ' -192', ' -25', ' -44']",pinch2finger,False
15:44:10.621012,"['-1725', ' -275', ' 1022', ' -96', ' -86', ' 49', ' -1557', ' -1019', ' -670']","[' 49', ' -101', ' 56', ' 1529', ' 1223', ' 120', ' -168', ' 5', ' -30']",pinch2finger,False
15:44:10.624010,"['-1790', ' -171', ' 983', ' -96', ' -86', ' 49', ' -1613', ' -997', ' -687']","[' 48', ' -104', ' 48', ' 1544', ' 1219', ' 74', ' -164', ' 9', ' 20']",pinch2finger,False
15:44:10.627998,"['-1768', ' -136', ' 1034', ' -96', ' -86', ' 49', ' -1625', ' -1020', ' -632']","[' 20', ' -89', ' 40', ' 1517', ' 1161', ' 17', ' -179', ' 13', ' 34']",pinch2finger,False
15:44:10.631983,"['-1739', ' -215', ' 1023', ' -72', ' -77', ' 87', ' -1602', ' -1051', ' -648']","[' 22', ' -90', ' 30', ' 1489', ' 1248', ' 20', ' -147', ' 2', ' 31']",pinch2finger,False
15:44:10.635977,"['-1703', ' -266', ' 1074', ' -72', ' -77', ' 87', ' -1630', ' -1052', ' -647']","[' 21', ' -85', ' 22', ' 1525', ' 1259', ' 56', ' -161', ' -22', ' 49']",pinch2finger,False
15:44:10.639967,"['-1654', ' -278', ' 1142', ' -72', ' -77', ' 87', ' -1617', ' -1066', ' -639']","[' 32', ' -81', ' 28', ' 1497', ' 1256', ' 78', ' -187', ' -14', ' 58']",pinch2finger,False
15:44:10.643956,"['-1807', ' -264', ' 1116', ' -72', ' -77', ' 87', ' -1602', ' -1097', ' -628']","[' 39', ' -79', ' 29', ' 1523', ' 1218', ' 42', ' -148', ' -75', ' 26']",pinch2finger,False
15:44:10.647945,"['-1672', ' -296', ' 1112', ' -72', ' -77', ' 87', ' -1547', ' -1050', ' -630']","[' 49', ' -52', ' 19', ' 1431', ' 1303', ' -34', ' -158', ' -104', ' 89']",pinch2finger,False
15:44:10.651930,"['-1699', ' -230', ' 1137', ' -72', ' -77', ' 87', ' -1664', ' -1027', ' -653']","[' 46', ' -53', ' 1', ' 1650', ' 1159', ' 77', ' -189', ' -124', ' 22']",pinch2finger,False
15:44:10.655919,"['-1728', ' -271', ' 1064', ' -72', ' -77', ' 87', ' -1637', ' -1028', ' -675']","[' 64', ' -59', ' 10', ' 1612', ' 1224', ' 136', ' -125', ' -84', ' -19']",pinch2finger,False
15:44:10.659908,"['-1730', ' -238', ' 1042', ' -72', ' -77', ' 87', ' -1628', ' -1014', ' -675']","[' 49', ' -54', ' 16', ' 1598', ' 1195', ' 62', ' -115', ' -54', ' 15']",pinch2finger,False
15:44:10.663898,"['-1758', ' -192', ' 1056', ' -72', ' -77', ' 87', ' -1633', ' -999', ' -617']","[' 24', ' -52', ' 9', ' 1565', ' 1248', ' 69', ' -117', ' -27', ' 13']",pinch2finger,False
15:44:10.666895,"['-1762', ' -191', ' 1069', ' -72', ' -77', ' 87', ' -1624', ' -1031', ' -616']","[' 34', ' -70', ' 3', ' 1541', ' 1227', ' 19', ' -109', ' -62', ' 21']",pinch2finger,False
15:44:10.670881,"['-1761', ' -194', ' 1068', ' -51', ' -64', ' 111', ' -1635', ' -1022', ' -652']","[' 22', ' -52', ' -13', ' 1646', ' 1249', ' 65', ' -99', ' -52', ' 15']",pinch2finger,False
15:44:10.674875,"['-1663', ' -152', ' 1106', ' -51', ' -64', ' 111', ' -1656', ' -1012', ' -643']","[' 20', ' -53', ' -4', ' 1595', ' 1197', ' 71', ' -100', ' -17', ' -1']",pinch2finger,False
15:44:10.678864,"['-1741', ' -225', ' 1097', ' -51', ' -64', ' 111', ' -1636', ' -1047', ' -631']","[' 25', ' -72', ' 3', ' 1625', ' 1218', ' 38', ' -55', ' -35', ' -9']",pinch2finger,False
15:44:10.683029,"['-1733', ' -290', ' 1112', ' -51', ' -64', ' 111', ' -1601', ' -1058', ' -647']","[' 17', ' -69', ' 15', ' 1613', ' 1279', ' 54', ' -65', ' -12', ' -15']",pinch2finger,False
15:44:10.686559,"['-1696', ' -261', ' 1126', ' -51', ' -64', ' 111', ' -1610', ' -1066', ' -648']","[' 21', ' -61', ' -2', ' 1530', ' 1241', ' 60', ' -96', ' -55', ' -43']",pinch2finger,False
15:44:10.690556,"['-1714', ' -203', ' 1128', ' -51', ' -64', ' 111', ' -1642', ' -1051', ' -647']","[' 20', ' -55', ' -1', ' 1555', ' 1227', ' 31', ' -59', ' -35', ' -28']",pinch2finger,False
15:44:10.694680,"['-1714', ' -251', ' 1080', ' -51', ' -64', ' 111', ' -1635', ' -1050', ' -648']","[' 22', ' -62', ' 8', ' 1503', ' 1233', ' 33', ' -67', ' -34', ' -21']",pinch2finger,False
15:44:10.698674,"['-1707', ' -210', ' 1075', ' -51', ' -64', ' 111', ' -1624', ' -1043', ' -631']","[' 19', ' -50', ' -6', ' 1453', ' 1253', ' 44', ' -70', ' -39', ' 7']",pinch2finger,False
15:44:10.702663,"['-1763', ' -208', ' 1044', ' -51', ' -64', ' 111', ' -1666', ' -1035', ' -640']","[' 17', ' -67', ' -4', ' 1545', ' 1212', ' 9', ' -80', ' -90', ' 88']",pinch2finger,False
15:44:10.706653,"['-1832', ' -213', ' 1017', ' -51', ' -64', ' 111', ' -1696', ' -1011', ' -657']","[' -3', ' -69', ' 9', ' 1728', ' 1176', ' 71', ' -50', ' -61', ' 34']",pinch2finger,False
15:44:10.710648,"['-1847', ' -200', ' 1018', ' -86', ' -82', ' 119', ' -1719', ' -1008', ' -706']","[' -1', ' -100', ' -9', ' 1596', ' 1237', ' 30', ' -50', ' -26', ' 12']",pinch2finger,False
15:44:10.714631,"['-1893', ' -170', ' 995', ' -86', ' -82', ' 119', ' -1690', ' -1017', ' -708']","[' -24', ' -134', ' -6', ' 1629', ' 1237', ' -20', ' -43', ' -13', ' 35']",pinch2finger,False
15:44:10.718620,"['-1878', ' -164', ' 950', ' -86', ' -82', ' 119', ' -1715', ' -1039', ' -705']","[' -35', ' -151', ' -10', ' 1592', ' 1280', ' -19', ' -59', ' -3', ' 21']",pinch2finger,False
15:44:10.722610,"['-1902', ' -165', ' 927', ' -86', ' -82', ' 119', ' -1745', ' -1032', ' -729']","[' -39', ' -192', ' -9', ' 1663', ' 1245', ' -22', ' -80', ' -33', ' 18']",pinch2finger,False
15:44:10.726599,"['-1949', ' -194', ' 999', ' -86', ' -82', ' 119', ' -1775', ' -1027', ' -741']","[' -49', ' -235', ' -13', ' 1650', ' 1253', ' -36', ' -96', ' -24', ' 13']",pinch2finger,False
15:44:10.730589,"['-1969', ' -294', ' 1050', ' -86', ' -82', ' 119', ' -1730', ' -1067', ' -701']","[' -57', ' -280', ' -25', ' 1648', ' 1278', ' -20', ' -111', ' 10', ' 38']",pinch2finger,False
15:44:10.733581,"['-1995', ' -282', ' 1117', ' -86', ' -82', ' 119', ' -1748', ' -1118', ' -698']","[' -40', ' -321', ' -29', ' 1602', ' 1276', ' -1', ' -128', ' 16', ' 38']",pinch2finger,False
15:44:10.737569,"['-1980', ' -259', ' 1162', ' -86', ' -82', ' 119', ' -1723', ' -1144', ' -688']","[' -21', ' -384', ' -48', ' 1533', ' 1270', ' -26', ' -130', ' -5', ' 56']",pinch2finger,False
15:44:10.741559,"['-1962', ' -292', ' 1195', ' -86', ' -82', ' 119', ' -1725', ' -1178', ' -683']","[' 12', ' -412', ' -60', ' 1538', ' 1311', ' -35', ' -146', ' -11', ' 70']",pinch2finger,False
15:44:10.745549,"['-2076', ' -283', ' 1202', ' -86', ' -82', ' 119', ' -1681', ' -1148', ' -656']","[' 55', ' -459', ' -72', ' 1339', ' 1425', ' -132', ' -168', ' -8', ' 175']",pinch2finger,False
15:44:10.749538,"['-2022', ' -278', ' 1197', ' -189', ' -148', ' 141', ' -1684', ' -1177', ' -644']","[' 97', ' -510', ' -107', ' 1682', ' 1240', ' -51', ' -275', ' -60', ' 191']",pinch2finger,False
15:44:10.753527,"['-2070', ' -250', ' 1149', ' -189', ' -148', ' 141', ' -1749', ' -1164', ' -662']","[' 147', ' -574', ' -133', ' 1658', ' 1223', ' 5', ' -236', ' -26', ' 109']",pinch2finger,False
15:44:10.757517,"['-2129', ' -240', ' 1091', ' -189', ' -148', ' 141', ' -1727', ' -1087', ' -716']","[' 173', ' -624', ' -157', ' 1632', ' 1245', ' -40', ' -262', ' -23', ' 116']",pinch2finger,False
15:44:10.761506,"['-2217', ' -230', ' 1105', ' -189', ' -148', ' 141', ' -1772', ' -1096', ' -682']","[' 176', ' -659', ' -189', ' 1536', ' 1333', ' -58', ' -253', ' 16', ' 155']",pinch2finger,False
15:44:10.765496,"['-2138', ' -308', ' 1138', ' -189', ' -148', ' 141', ' -1901', ' -1219', ' -613']","[' 204', ' -744', ' -225', ' 1528', ' 1315', ' -46', ' -298', ' -15', ' 180']",pinch2finger,False
15:44:10.769484,"['-2075', ' -367', ' 1206', ' -189', ' -148', ' 141', ' -1736', ' -1127', ' -661']","[' 218', ' -822', ' -284', ' 1541', ' 1251', ' -48', ' -307', ' -83', ' 137']",pinch2finger,False
15:44:10.773477,"['-1949', ' -344', ' 1221', ' -189', ' -148', ' 141', ' -1836', ' -1252', ' -642']","[' 241', ' -768', ' -308', ' 1598', ' 1245', ' -16', ' -331', ' -66', ' 147']",pinch2finger,False
15:44:10.777466,"['-1763', ' -583', ' 1206', ' -189', ' -148', ' 141', ' -1706', ' -1037', ' -699']","[' 175', ' -851', ' -332', ' 1620', ' 1262', ' 7', ' -351', ' -45', ' 167']",pinch2finger,False
15:44:10.781455,"['-1605', ' -586', ' 1155', ' -189', ' -148', ' 141', ' -1732', ' -1113', ' -595']","[' 192', ' -846', ' -300', ' 1572', ' 1186', ' -24', ' -379', ' -60', ' 155']",pinch2finger,False
15:44:10.784951,"['-1498', ' -399', ' 1262', ' -189', ' -148', ' 141', ' -1655', ' -1127', ' -660']","[' 233', ' -830', ' -281', ' 1654', ' 1250', ' 22', ' -374', ' -74', ' 144']",pinch2finger,False
15:44:10.788948,"['-1543', ' -522', ' 1246', ' -189', ' -148', ' 141', ' -1707', ' -1038', ' -702']","[' 232', ' -769', ' -270', ' 1722', ' 1327', ' 21', ' -365', ' -109', ' 138']",pinch2finger,False
15:44:10.792937,"['-1526', ' -568', ' 1345', ' -516', ' -412', ' 314', ' -1678', ' -1029', ' -720']","[' 154', ' -731', ' -213', ' 1551', ' 1403', ' -61', ' -433', ' -108', ' 180']",pinch2finger,False
15:44:10.796926,"['-1877', ' -401', ' 1358', ' -516', ' -412', ' 314', ' -1470', ' -1155', ' -656']","[' 121', ' -750', ' -123', ' 1508', ' 1297', ' -118', ' -491', ' -123', ' 229']",pinch2finger,False
15:44:10.800915,"['-1718', ' -536', ' 1395', ' -516', ' -412', ' 314', ' -1786', ' -1160', ' -643']","[' 144', ' -771', ' -190', ' 1486', ' 1282', ' -149', ' -500', ' -121', ' 262']",pinch2finger,False
15:44:10.804900,"['-1613', ' -530', ' 1294', ' -516', ' -412', ' 314', ' -1682', ' -1171', ' -637']","[' 199', ' -775', ' -216', ' 1492', ' 1307', ' -90', ' -517', ' -180', ' 245']",pinch2finger,False
15:44:10.808894,"['-1602', ' -468', ' 1208', ' -516', ' -412', ' 314', ' -1748', ' -1124', ' -678']","[' 203', ' -784', ' -215', ' 1538', ' 1309', ' -137', ' -524', ' -203', ' 261']",pinch2finger,False
15:44:10.812897,"['-1478', ' -362', ' 1140', ' -516', ' -412', ' 314', ' -1774', ' -1106', ' -694']","[' 217', ' -773', ' -187', ' 1435', ' 1322', ' -213', ' -543', ' -209', ' 295']",pinch2finger,False
15:44:10.816868,"['-1545', ' -360', ' 999', ' -516', ' -412', ' 314', ' -1827', ' -1030', ' -732']","[' 189', ' -799', ' -176', ' 1409', ' 1372', ' -297', ' -575', ' -223', ' 351']",pinch2finger,False
15:44:10.820917,"['-1619', ' -347', ' 971', ' -516', ' -412', ' 314', ' -1816', ' -1003', ' -773']","[' 141', ' -811', ' -153', ' 1354', ' 1439', ' -347', ' -656', ' -271', ' 374']",pinch2finger,False
15:44:10.824907,"['-1683', ' -348', ' 1024', ' -516', ' -412', ' 314', ' -1882', ' -1049', ' -767']","[' 95', ' -847', ' -149', ' 1400', ' 1406', ' -338', ' -756', ' -344', ' 422']",pinch2finger,False
15:44:10.828896,"['-1922', ' -78', ' 651', ' -516', ' -412', ' 314', ' -2182', ' -1226', ' -707']","[' 57', ' -624', ' -72', ' 1518', ' 1412', ' -289', ' -841', ' -366', ' 471']",pinch2finger,False
15:44:10.831893,"['-1855', ' -187', ' 1148', ' -1013', ' -971', ' 674', ' -1597', ' -1089', ' -673']","[' 8', ' -1001', ' -116', ' 1436', ' 1222', ' -235', ' -941', ' -345', ' 560']",pinch2finger,False
15:44:10.835883,"['-1743', ' -478', ' 1249', ' -1013', ' -971', ' 674', ' -1730', ' -1057', ' -622']","[' -9', ' -975', ' -201', ' 1429', ' 1221', ' -251', ' -991', ' -381', ' 628']",pinch2finger,False
15:44:10.839871,"['-1663', ' -327', ' 1294', ' -1013', ' -971', ' 674', ' -1739', ' -1117', ' -616']","[' -22', ' -1032', ' -198', ' 1288', ' 1329', ' -241', ' -1025', ' -361', ' 732']",pinch2finger,False
15:44:10.843862,"['-1531', ' -321', ' 1275', ' -1013', ' -971', ' 674', ' -1730', ' -1079', ' -571']","[' -32', ' -1055', ' -188', ' 1076', ' 1295', ' -186', ' -1110', ' -397', ' 819']",pinch2finger,False
15:44:10.847850,"['-1470', ' -373', ' 1230', ' -1013', ' -971', ' 674', ' -1664', ' -1074', ' -540']","[' -28', ' -1061', ' -191', ' 883', ' 1191', ' -131', ' -1145', ' -517', ' 962']",pinch2finger,False
15:44:10.851839,"['-1410', ' -316', ' 1209', ' -1013', ' -971', ' 674', ' -1660', ' -1050', ' -546']","[' -61', ' -1019', ' -165', ' 926', ' 1203', ' -127', ' -1139', ' -610', ' 1081']",pinch2finger,False
15:44:10.855829,"['-1319', ' -206', ' 1206', ' -1013', ' -971', ' 674', ' -1595', ' -1082', ' -491']","[' -93', ' -1020', ' -127', ' 1010', ' 1192', ' -76', ' -1139', ' -724', ' 1147']",pinch2finger,False
15:44:10.859818,"['-1294', ' -130', ' 1183', ' -1013', ' -971', ' 674', ' -1523', ' -1114', ' -405']","[' -119', ' -964', ' -97', ' 1223', ' 1189', ' -48', ' -1165', ' -843', ' 1208']",pinch2finger,False
15:44:10.863807,"['-1236', ' -174', ' 1201', ' -1013', ' -971', ' 674', ' -1539', ' -1077', ' -360']","[' -124', ' -916', ' -90', ' 1481', ' 1117', ' 16', ' -1217', ' -854', ' 1320']",pinch2finger,False
15:44:10.867797,"['-1344', ' -38', ' 1148', ' -1013', ' -971', ' 674', ' -1589', ' -1036', ' -357']","[' -134', ' -863', ' -73', ' 1618', ' 1111', ' -38', ' -1273', ' -832', ' 1386']",pinch2finger,False
15:44:10.871788,"['-1408', ' -163', ' 1129', ' -1249', ' -1394', ' 938', ' -1619', ' -1028', ' -358']","[' -136', ' -838', ' -42', ' 1561', ' 1171', ' -37', ' -1421', ' -659', ' 1528']",pinch2finger,False
15:44:10.875778,"['-1608', ' -215', ' 1085', ' -1249', ' -1394', ' 938', ' -1656', ' -977', ' -363']","[' -131', ' -854', ' -41', ' 1899', ' 804', ' -160', ' -1383', ' -1103', ' 1411']",pinch2finger,False
15:44:10.879762,"['-1586', ' -391', ' 1026', ' -1249', ' -1394', ' 938', ' -1565', ' -1042', ' -338']","[' -140', ' -849', ' -55', ' 1483', ' 1219', ' -120', ' -1507', ' -745', ' 1628']",pinch2finger,False
15:44:10.882754,"['-1530', ' -133', ' 1089', ' -1249', ' -1394', ' 938', ' -1375', ' -1275', ' -290']","[' -168', ' -768', ' 27', ' 1473', ' 1022', ' -171', ' -1535', ' -712', ' 1652']",pinch2finger,False
15:44:10.887259,"['-1409', ' 161', ' 1039', ' -1249', ' -1394', ' 938', ' -1793', ' -1132', ' -327']","[' -176', ' -885', ' -77', ' 1605', ' 1175', ' -133', ' -1653', ' -855', ' 1644']",pinch2finger,False
15:44:10.891247,"['-1524', ' -236', ' 997', ' -1249', ' -1394', ' 938', ' -1598', ' -1098', ' -323']","[' -192', ' -902', ' -41', ' 1619', ' 1144', ' -117', ' -1696', ' -721', ' 1724']",pinch2finger,False
15:44:10.895237,"['-1304', ' -147', ' 1000', ' -1249', ' -1394', ' 938', ' -1658', ' -1188', ' -317']","[' -186', ' -872', ' 24', ' 1738', ' 1102', ' -55', ' -1766', ' -655', ' 1754']",pinch2finger,False
15:44:10.899222,"['-1083', ' -221', ' 1045', ' -1249', ' -1394', ' 938', ' -1689', ' -1329', ' -294']","[' -127', ' -882', ' 55', ' 1785', ' 956', ' 114', ' -1738', ' -732', ' 1715']",pinch2finger,False
15:44:10.903210,"['-1141', ' -251', ' 1117', ' -1249', ' -1394', ' 938', ' -1587', ' -1201', ' -300']","[' -57', ' -951', ' 64', ' 1830', ' 893', ' 195', ' -1722', ' -577', ' 1727']",pinch2finger,False
15:44:10.907201,"['-1212', ' -125', ' 1242', ' -1249', ' -1394', ' 938', ' -1464', ' -1101', ' -344']","[' -70', ' -898', ' 70', ' 1958', ' 810', ' 186', ' -1667', ' -566', ' 1619']",pinch2finger,False
15:44:10.911189,"['-1190', ' -188', ' 1504', ' -1246', ' -1336', ' 899', ' -1514', ' -1118', ' -298']","[' -109', ' -855', ' 89', ' 2027', ' 763', ' 143', ' -1671', ' -655', ' 1519']",pinch2finger,False
15:44:10.915179,"['-983', ' -422', ' 1501', ' -1246', ' -1336', ' 899', ' -1579', ' -1155', ' -224']","[' -79', ' -847', ' 77', ' 1629', ' 815', ' 180', ' -1619', ' -632', ' 1410']",pinch2finger,False
15:44:10.919168,"['-970', ' -434', ' 1607', ' -1246', ' -1336', ' 899', ' -1482', ' -1066', ' -271']","[' -102', ' -837', ' 75', ' 2024', ' 906', ' 232', ' -1631', ' -369', ' 1553']",pinch2finger,False
15:44:10.923159,"['-1175', ' -370', ' 1779', ' -1246', ' -1336', ' 899', ' -1420', ' -1007', ' -259']","[' -132', ' -787', ' 92', ' 1705', ' 863', ' 196', ' -1651', ' -353', ' 1564']",pinch2finger,False
15:44:10.927147,"['-1307', ' -670', ' 1678', ' -1246', ' -1336', ' 899', ' -1565', ' -1107', ' -239']","[' -148', ' -736', ' 88', ' 1502', ' 874', ' 69', ' -1621', ' -392', ' 1547']",pinch2finger,False
15:44:10.931136,"['-1296', ' -582', ' 1599', ' -1246', ' -1336', ' 899', ' -1622', ' -1092', ' -293']","[' -143', ' -730', ' 109', ' 1600', ' 866', ' -28', ' -1648', ' -408', ' 1574']",pinch2finger,False
15:44:10.935126,"['-1395', ' -509', ' 1545', ' -1246', ' -1336', ' 899', ' -1607', ' -1163', ' -316']","[' -196', ' -696', ' 114', ' 1409', ' 1101', ' -25', ' -1675', ' -502', ' 1535']",pinch2finger,False
15:44:10.939116,"['-1343', ' -423', ' 1430', ' -1246', ' -1336', ' 899', ' -1620', ' -1118', ' -332']","[' -236', ' -684', ' 115', ' 1810', ' 839', ' -17', ' -1802', ' -556', ' 1616']",pinch2finger,False
15:44:10.942111,"['-1987', ' -347', ' 1572', ' -1246', ' -1336', ' 899', ' -663', ' -1379', ' -303']","[' -258', ' -248', ' 280', ' 1904', ' 861', ' 33', ' -1842', ' -440', ' 1629']",pinch2finger,False
15:44:10.946101,"['-1101', ' -536', ' 1196', ' -1246', ' -1336', ' 899', ' -2241', ' -1021', ' -335']","[' -369', ' -555', ' 171', ' 2136', ' 697', ' 150', ' -1881', ' -376', ' 1619']",pinch2finger,False
15:44:10.950090,"['-1150', ' -732', ' 893', ' -1417', ' -979', ' 684', ' -1819', ' -1382', ' -66']","[' -161', ' -529', ' 46', ' 2127', ' 689', ' 190', ' -1888', ' -277', ' 1595']",pinch2finger,False
15:44:10.954080,"['-2483', ' 401', ' 2227', ' -1417', ' -979', ' 684', ' -1028', ' -824', ' -375']","[' -197', ' -1093', ' -163', ' 2150', ' 748', ' 189', ' -1888', ' -205', ' 1550']",pinch2finger,False
15:44:10.958070,"['-738', ' -449', ' 1120', ' -1417', ' -979', ' 684', ' -2510', ' -767', ' -243']","[' 161', ' -370', ' -205', ' 2000', ' 714', ' 261', ' -1866', ' -202', ' 1431']",pinch2finger,False
15:44:10.962058,"['-1351', ' -1078', ' 1510', ' -1417', ' -979', ' 684', ' -1326', ' -1428', ' -84']","[' 0', ' -175', ' 54', ' 1837', ' 637', ' 337', ' -1843', ' -197', ' 1346']",pinch2finger,False
15:44:10.966047,"['-156', ' -1454', ' 1320', ' -1417', ' -979', ' 684', ' -2320', ' -2018', ' 52']","[' 70', ' -130', ' -76', ' 1793', ' 598', ' 313', ' -1824', ' -221', ' 1326']",pinch2finger,False
15:44:10.970039,"['-1892', ' -198', ' 1362', ' -1417', ' -979', ' 684', ' -1277', ' -1817', ' -95']","[' 411', ' -918', ' -166', ' 1874', ' 616', ' 375', ' -1742', ' -269', ' 1285']",pinch2finger,False
15:44:10.974024,"['-839', ' -172', ' 1000', ' -1417', ' -979', ' 684', ' -2070', ' -1452', ' -242']","[' 293', ' -1059', ' -292', ' 2002', ' 685', ' 487', ' -1659', ' -271', ' 1241']",pinch2finger,False
15:44:10.978012,"['-938', ' -1339', ' 930', ' -1417', ' -979', ' 684', ' -2352', ' -1324', ' -119']","[' 256', ' 102', ' -159', ' 2146', ' 603', ' 381', ' -1577', ' -43', ' 1289']",pinch2finger,False
15:44:10.982001,"['-2977', ' 375', ' 2825', ' -1417', ' -979', ' 684', ' -9', ' -1543', ' -8']","[' 28', ' -752', ' 26', ' 2253', ' 631', ' 490', ' -1562', ' -24', ' 1193']",pinch2finger,False
15:44:10.985506,"['-1520', ' 105', ' 1476', ' -1417', ' -979', ' 684', ' -1683', ' -1116', ' -137']","[' 129', ' -461', ' 42', ' 2264', ' 612', ' 421', ' -1483', ' 51', ' 1087']",pinch2finger,False
15:44:10.989496,"['-161', ' -1329', ' 1049', ' -1417', ' -979', ' 684', ' -2442', ' -1627', ' -178']","[' 349', ' -707', ' -195', ' 2219', ' 559', ' 455', ' -1416', ' 51', ' 985']",pinch2finger,False
15:44:10.993485,"['-1424', ' -495', ' 764', ' -1662', ' -532', ' 499', ' -1083', ' -1136', ' -237']","[' 540', ' -338', ' -160', ' 2215', ' 538', ' 457', ' -1326', ' 46', ' 848']",pinch2finger,False
15:44:10.997479,"['-844', ' -474', ' 1107', ' -1662', ' -532', ' 499', ' -1801', ' 182', ' -508']","[' 301', ' -1165', ' -297', ' 2234', ' 555', ' 427', ' -1250', ' -7', ' 700']",pinch2finger,False
15:44:11.001478,"['-1132', ' -1133', ' 993', ' -1662', ' -532', ' 499', ' -2812', ' -1360', ' -136']","[' 176', ' -150', ' -280', ' 2143', ' 591', ' 362', ' -1167', ' 70', ' 629']",pinch2finger,False
15:44:11.005452,"['-1107', ' -856', ' 1196', ' -1662', ' -532', ' 499', ' -662', ' -1150', ' -137']","[' 403', ' -372', ' -46', ' 2118', ' 914', ' 308', ' -1213', ' 59', ' 569']",pinch2finger,False
15:44:11.009441,"['-3084', ' 457', ' 1405', ' -1662', ' -532', ' 499', ' -1204', ' -1552', ' -114']","[' 8', ' -743', ' -150', ' 2093', ' 615', ' 332', ' -1119', ' 212', ' 597']",pinch2finger,False
15:44:11.013431,"['-1356', ' -538', ' 906', ' -1662', ' -532', ' 499', ' -2240', ' -1110', ' -309']","[' 144', ' -858', ' -339', ' 2036', ' 600', ' 287', ' -1136', ' 218', ' 568']",pinch2finger,False
15:44:11.017420,"['-1204', ' -777', ' 1052', ' -1662', ' -532', ' 499', ' -2511', ' -875', ' -374']","[' 202', ' -402', ' -400', ' 2069', ' 893', ' 224', ' -1128', ' 156', ' 494']",pinch2finger,False
15:44:11.020417,"['-966', ' -597', ' 1162', ' -1662', ' -532', ' 499', ' -1356', ' -936', ' -198']","[' 179', ' -1213', ' -461', ' 2040', ' 685', ' 204', ' -1178', ' 146', ' 456']",pinch2finger,False
15:44:11.024407,"['-1858', ' -435', ' 1260', ' -1662', ' -532', ' 499', ' -1459', ' -967', ' -196']","[' 117', ' -546', ' -277', ' 2055', ' 723', ' 257', ' -1180', ' 251', ' 493']",pinch2finger,False
15:44:11.028396,"['-1647', ' -633', ' 1221', ' -1662', ' -532', ' 499', ' -1694', ' -1084', ' -228']","[' 115', ' -429', ' -168', ' 2071', ' 619', ' 259', ' -1191', ' 296', ' 509']",pinch2finger,False
15:44:11.032385,"['-1434', ' -572', ' 1172', ' -1701', ' -142', ' 433', ' -1875', ' -1179', ' -189']","[' 76', ' -472', ' -158', ' 2073', ' 626', ' 223', ' -1113', ' 392', ' 467']",pinch2finger,False
15:44:11.036375,"['-1585', ' -521', ' 1152', ' -1701', ' -142', ' 433', ' -1727', ' -1033', ' -239']","[' 142', ' -466', ' -206', ' 1922', ' 876', ' 149', ' -1165', ' 281', ' 344']",pinch2finger,False
15:44:11.040363,"['-1765', ' -613', ' 1158', ' -1701', ' -142', ' 433', ' -1705', ' -1167', ' -204']","[' 114', ' -511', ' -238', ' 2045', ' 967', ' 78', ' -1391', ' 469', ' 485']",pinch2finger,False
15:44:11.044351,"['-1654', ' -588', ' 1184', ' -1701', ' -142', ' 433', ' -1670', ' -993', ' -181']","[' 68', ' -494', ' -239', ' 1953', ' 733', ' 24', ' -1418', ' 524', ' 492']",pinch2finger,False
15:44:11.048342,"['-1573', ' -640', ' 1294', ' -1701', ' -142', ' 433', ' -1754', ' -981', ' -223']","[' 72', ' -448', ' -246', ' 1742', ' 660', ' 228', ' -1456', ' 482', ' 424']",pinch2finger,False
15:44:11.052327,"['-1546', ' -834', ' 1319', ' -1701', ' -142', ' 433', ' -1743', ' -996', ' -219']","[' 63', ' -467', ' -267', ' 1917', ' 744', ' 362', ' -1525', ' 536', ' 526']",pinch2finger,False
15:44:11.056316,"['-1613', ' -737', ' 1391', ' -1701', ' -142', ' 433', ' -1642', ' -1077', ' -167']","[' 8', ' -453', ' -243', ' 1939', ' 540', ' 537', ' -1557', ' 561', ' 567']",pinch2finger,False
15:44:11.060305,"['-1496', ' -829', ' 1511', ' -1701', ' -142', ' 433', ' -1806', ' -1052', ' -172']","[' 33', ' -396', ' -247', ' 2058', ' 7', ' 1064', ' -1477', ' 648', ' 715']",pinch2finger,False
15:44:11.064295,"['-784', ' -1538', ' 2721', ' -1701', ' -142', ' 433', ' -1767', ' -1169', ' -176']","[' 52', ' -394', ' -221', ' 1808', ' -333', ' 1946', ' -1044', ' 904', ' 951']",pinch2finger,False
15:44:11.067292,"['-468', ' -1964', ' 3165', ' -1701', ' -142', ' 433', ' -1148', ' -1397', ' 9']","[' 81', ' -347', ' -127', ' 1991', ' -427', ' 1618', ' -136', ' 507', ' 263']",pinch2finger,False
15:44:11.071283,"['-1169', ' -1081', ' 1926', ' -1836', ' 109', ' 493', ' -1536', ' -1574', ' 159']","[' 195', ' -315', ' -152', ' 2000', ' 1106', ' 475', ' 56', ' -89', ' -241']",pinch2finger,False
15:44:11.075272,"['-1748', ' -237', ' 1014', ' -1836', ' 109', ' 493', ' -914', ' -1519', ' -29']","[' 154', ' 569', ' 27', ' 1701', ' 808', ' 235', ' -332', ' -64', ' -138']",pinch2finger,False
15:44:11.079261,"['-1845', ' -8', ' 926', ' -1836', ' 109', ' 493', ' -1787', ' -1146', ' -214']","[' 213', ' -508', ' -135', ' 1499', ' 441', ' 402', ' -244', ' -25', ' -43']",pinch2finger,False
15:44:11.083251,"['-1381', ' -26', ' 1284', ' -1836', ' 109', ' 493', ' -2132', ' -1210', ' -107']","[' 20', ' -19', ' -31', ' 1832', ' 698', ' 574', ' -232', ' -47', ' 46']",pinch2finger,False
15:44:11.086761,"['-1827', ' -621', ' 1184', ' -1836', ' 109', ' 493', ' -1710', ' -1089', ' -70']","[' 159', ' -15', ' 0', ' 2237', ' 621', ' 458', ' -217', ' 119', ' 181']",pinch2finger,False
15:44:11.090751,"['-1156', ' -554', ' 1313', ' -1836', ' 109', ' 493', ' -1775', ' -1156', ' -19']","[' 62', ' -223', ' -38', ' 2072', ' 544', ' 461', ' -144', ' 173', ' 90']",pinch2finger,False
15:44:11.094735,"['-1532', ' -682', ' 1466', ' -1836', ' 109', ' 493', ' -1542', ' -1018', ' -169']","[' 22', ' -172', ' 6', ' 1838', ' 461', ' 533', ' 355', ' 175', ' -168']",pinch2finger,False
15:44:11.098729,"['-1333', ' -787', ' 1367', ' -1836', ' 109', ' 493', ' -1877', ' -1015', ' -152']","[' 64', ' -178', ' -19', ' 1944', ' 908', ' 508', ' 35', ' -24', ' -130']",pinch2finger,False
15:44:11.102713,"['-1847', ' -565', ' 1028', ' -1836', ' 109', ' 493', ' -1435', ' -1128', ' -151']","[' 29', ' -169', ' 87', ' 1872', ' 508', ' 384', ' -174', ' 79', ' 54']",pinch2finger,False
15:44:11.106703,"['-1148', ' -754', ' 1416', ' -1836', ' 109', ' 493', ' -1780', ' -1070', ' -152']","[' -10', ' -169', ' 43', ' 1971', ' 665', ' 372', ' -121', ' 189', ' 122']",pinch2finger,False
15:44:11.110697,"['-1221', ' -780', ' 1404', ' -1953', ' 174', ' 524', ' -1626', ' -1028', ' -127']","[' -19', ' -189', ' 83', ' 1854', ' 679', ' 322', ' -163', ' 154', ' 24']",pinch2finger,False
15:44:11.114681,"['-1228', ' -772', ' 1482', ' -1953', ' 174', ' 524', ' -1631', ' -1200', ' -120']","[' 27', ' -131', ' 63', ' 1799', ' 455', ' 427', ' -88', ' -28', ' -46']",pinch2finger,False
15:44:11.118671,"['-1582', ' -710', ' 1260', ' -1953', ' 174', ' 524', ' -1664', ' -1122', ' -144']","[' -14', ' -101', ' 98', ' 1936', ' 731', ' 351', ' 294', ' 166', ' -93']",pinch2finger,False
15:44:11.122661,"['-1448', ' -665', ' 1243', ' -1953', ' 174', ' 524', ' -1870', ' -1040', ' -205']","[' -8', ' -117', ' 48', ' 1790', ' 747', ' 606', ' -104', ' 122', ' 34']",pinch2finger,False
15:44:11.125657,"['-1501', ' -775', ' 1229', ' -1953', ' 174', ' 524', ' -1609', ' -1139', ' -164']","[' 2', ' -124', ' 57', ' 1781', ' 354', ' 565', ' -125', ' -160', ' -74']",pinch2finger,False
15:44:11.129647,"['-1476', ' -727', ' 1255', ' -1953', ' 174', ' 524', ' -1819', ' -1128', ' -149']","[' -6', ' -67', ' 73', ' 2100', ' 728', ' 351', ' -54', ' -200', ' -120']",pinch2finger,False
15:44:11.133631,"['-1581', ' -656', ' 1188', ' -1953', ' 174', ' 524', ' -1719', ' -1113', ' -145']","[' -11', ' -151', ' 50', ' 1852', ' 667', ' 353', ' -78', ' -59', ' -70']",pinch2finger,False
15:44:11.137620,"['-1587', ' -757', ' 1238', ' -1953', ' 174', ' 524', ' -1666', ' -1166', ' -165']","[' 6', ' -120', ' 39', ' 1748', ' 650', ' 384', ' -87', ' -136', ' -63']",pinch2finger,False
15:44:11.141645,"['-1537', ' -688', ' 1207', ' -1953', ' 174', ' 524', ' -1714', ' -1171', ' -191']","[' 11', ' -109', ' 35', ' 1800', ' 668', ' 341', ' -90', ' -197', ' -48']",pinch2finger,False
15:44:11.145634,"['-1535', ' -653', ' 1203', ' -1953', ' 174', ' 524', ' -1701', ' -1138', ' -159']","[' 11', ' -114', ' 18', ' 1843', ' 655', ' 366', ' -82', ' -219', ' -42']",pinch2finger,False
15:44:11.149627,"['-1555', ' -657', ' 1206', ' -1953', ' 174', ' 524', ' -1700', ' -1135', ' -150']","[' 9', ' -116', ' -20', ' 1805', ' 620', ' 417', ' -81', ' -234', ' -33']",pinch2finger,False
15:44:11.153619,"['-1572', ' -592', ' 1175', ' -1366', ' 124', ' 395', ' -1697', ' -1139', ' -119']","[' 8', ' -101', ' -29', ' 1828', ' 646', ' 393', ' -78', ' -224', ' 3']",pinch2finger,False
15:44:11.157609,"['-1584', ' -563', ' 1170', ' -1366', ' 124', ' 395', ' -1753', ' -1104', ' -133']","[' -14', ' -111', ' -61', ' 1748', ' 597', ' 455', ' -96', ' -158', ' 56']",pinch2finger,False
15:44:11.161598,"['-1628', ' -551', ' 1184', ' -1366', ' 124', ' 395', ' -1729', ' -1108', ' -118']","[' -13', ' -150', ' -78', ' 1817', ' 533', ' 507', ' -21', ' -316', ' -13']",pinch2finger,False
15:44:11.165587,"['-1640', ' -612', ' 1192', ' -1366', ' 124', ' 395', ' -1767', ' -1099', ' -126']","[' -40', ' -138', ' -121', ' 1908', ' 592', ' 446', ' 27', ' -332', ' -53']",pinch2finger,False
15:44:11.169577,"['-1624', ' -630', ' 1249', ' -1366', ' 124', ' 395', ' -1579', ' -1138', ' -103']","[' -40', ' -159', ' -123', ' 1963', ' 629', ' 387', ' 53', ' -365', ' -71']",pinch2finger,False
15:44:11.173569,"['-1590', ' -683', ' 1250', ' -1366', ' 124', ' 395', ' -1671', ' -1133', ' -123']","[' -57', ' -161', ' -143', ' 1957', ' 659', ' 376', ' 61', ' -355', ' -92']",pinch2finger,False
15:44:11.177558,"['-1625', ' -676', ' 1237', ' -1366', ' 124', ' 395', ' -1733', ' -1172', ' -143']","[' -56', ' -170', ' -150', ' 1927', ' 657', ' 357', ' 78', ' -352', ' -99']",pinch2finger,False
15:44:11.180550,"['-1546', ' -705', ' 1196', ' -1366', ' 124', ' 395', ' -1661', ' -1212', ' -154']","[' -26', ' -169', ' -147', ' 1887', ' 637', ' 331', ' 75', ' -350', ' -106']",pinch2finger,False
15:44:11.185062,"['-1535', ' -757', ' 1189', ' -1366', ' 124', ' 395', ' -1719', ' -1150', ' -165']","[' -23', ' -183', ' -172', ' 1934', ' 668', ' 315', ' 93', ' -346', ' -137']",pinch2finger,False
15:44:11.189059,"['-1525', ' -790', ' 1190', ' -1366', ' 124', ' 395', ' -1717', ' -1168', ' -189']","[' -16', ' -179', ' -160', ' 2020', ' 655', ' 281', ' 87', ' -322', ' -151']",pinch2finger,False
15:44:11.193046,"['-1485', ' -776', ' 1182', ' -483', ' 115', ' 191', ' -1686', ' -1148', ' -184']","[' -16', ' -192', ' -155', ' 1972', ' 723', ' 293', ' 72', ' -320', ' -136']",pinch2finger,False
15:44:11.197035,"['-1481', ' -756', ' 1166', ' -483', ' 115', ' 191', ' -1670', ' -1186', ' -141']","[' -3', ' -186', ' -132', ' 1950', ' 620', ' 334', ' 9', ' -257', ' -111']",pinch2finger,False
15:44:11.201025,"['-1543', ' -702', ' 1207', ' -483', ' 115', ' 191', ' -1708', ' -1212', ' -152']","[' 3', ' -180', ' -126', ' 2016', ' 618', ' 361', ' 16', ' -233', ' -89']",pinch2finger,False
15:44:11.205016,"['-1555', ' -695', ' 1181', ' -483', ' 115', ' 191', ' -1715', ' -1170', ' -123']","[' 21', ' -189', ' -130', ' 1975', ' 537', ' 370', ' 6', ' -195', ' -99']",pinch2finger,False
15:44:11.208305,"['-1607', ' -877', ' 1220', ' -483', ' 115', ' 191', ' -1761', ' -1184', ' -98']","[' 15', ' -199', ' -133', ' 2025', ' 691', ' 273', ' 19', ' -207', ' -88']",pinch2finger,False
15:44:11.212146,"['-1544', ' -687', ' 1183', ' -483', ' 115', ' 191', ' -1710', ' -1171', ' -127']","[' 24', ' -209', ' -102', ' 1943', ' 590', ' 305', ' 3', ' -182', ' -92']",pinch2finger,False
15:44:11.216136,"['-1551', ' -724', ' 1208', ' -483', ' 115', ' 191', ' -1720', ' -1159', ' -140']","[' 13', ' -201', ' -103', ' 1931', ' 635', ' 328', ' 10', ' -201', ' -108']",pinch2finger,False
15:44:11.220124,"['-1476', ' -684', ' 1163', ' -483', ' 115', ' 191', ' -1464', ' -1307', ' -77']","[' 19', ' -203', ' -69', ' 1956', ' 668', ' 325', ' -17', ' -128', ' -68']",pinch2finger,False
15:44:11.224114,"['-1502', ' -705', ' 1184', ' -483', ' 115', ' 191', ' -1451', ' -1114', ' -105']","[' -7', ' -218', ' -76', ' 1925', ' 647', ' 294', ' -28', ' -74', ' -30']",pinch2finger,False
15:44:11.228104,"['-1400', ' -878', ' 1137', ' -483', ' 115', ' 191', ' -1812', ' -1111', ' -142']","[' -7', ' -181', ' -102', ' 1789', ' 618', ' 318', ' -11', ' -93', ' -6']",pinch2finger,False
15:44:11.232094,"['-1596', ' -607', ' 1179', ' -60', ' 98', ' -26', ' -1612', ' -1177', ' -113']","[' 3', ' -174', ' -82', ' 1860', ' 670', ' 350', ' 12', ' -158', ' -35']",pinch2finger,False
15:44:11.236083,"['-1485', ' -644', ' 1184', ' -60', ' 98', ' -26', ' -1707', ' -1147', ' -71']","[' -12', ' -176', ' -103', ' 1899', ' 689', ' 328', ' 11', ' -162', ' -16']",pinch2finger,False
15:44:11.240067,"['-1492', ' -635', ' 1184', ' -60', ' 98', ' -26', ' -1659', ' -1137', ' -86']","[' -13', ' -179', ' -82', ' 1876', ' 660', ' 336', ' 3', ' -131', ' 15']",pinch2finger,False
15:44:11.244056,"['-1503', ' -683', ' 1219', ' -60', ' 98', ' -26', ' -1674', ' -1148', ' -73']","[' -17', ' -160', ' -81', ' 1824', ' 655', ' 342', ' 10', ' -140', ' 1']",pinch2finger,False
15:44:11.248045,"['-1501', ' -599', ' 1186', ' -60', ' 98', ' -26', ' -1696', ' -1107', ' -96']","[' -19', ' -192', ' -101', ' 1834', ' 606', ' 326', ' 33', ' -170', ' 1']",pinch2finger,False
15:44:11.252035,"['-1506', ' -651', ' 1212', ' -60', ' 98', ' -26', ' -1655', ' -1169', ' -87']","[' -26', ' -152', ' -84', ' 1882', ' 664', ' 332', ' 44', ' -191', ' -10']",pinch2finger,False
15:44:11.256024,"['-1491', ' -674', ' 1233', ' -60', ' 98', ' -26', ' -1710', ' -1148', ' -81']","[' -30', ' -140', ' -88', ' 1888', ' 693', ' 286', ' 41', ' -192', ' -16']",pinch2finger,False
15:44:11.259021,"['-1488', ' -674', ' 1208', ' -60', ' 98', ' -26', ' -1380', ' -1179', ' -75']","[' -34', ' -144', ' -77', ' 1882', ' 639', ' 339', ' 45', ' -198', ' -8']",pinch2finger,False
15:44:11.263010,"['-1566', ' -687', ' 1166', ' -60', ' 98', ' -26', ' -1774', ' -1145', ' -93']","[' -30', ' 38', ' -72', ' 1834', ' 659', ' 318', ' 38', ' -175', ' -5']",pinch2finger,False
15:44:11.266999,"['-1546', ' -664', ' 1203', ' -60', ' 98', ' -26', ' -1688', ' -1175', ' -94']","[' -32', ' 15', ' -54', ' 1841', ' 658', ' 331', ' 59', ' -213', ' -35']",pinch2finger,False
15:44:11.270991,"['-1514', ' -662', ' 1204', ' 9', ' 67', ' -155', ' -1678', ' -1139', ' -95']","[' -38', ' 28', ' -69', ' 1843', ' 640', ' 300', ' 67', ' -226', ' -37']",pinch2finger,False
15:44:11.274980,"['-1599', ' -662', ' 1208', ' 9', ' 67', ' -155', ' -1584', ' -1256', ' -55']","[' -39', ' 24', ' -60', ' 1841', ' 668', ' 292', ' 76', ' -241', ' -38']",pinch2finger,False
15:44:11.278969,"['-1534', ' -603', ' 1176', ' 9', ' 67', ' -155', ' -1708', ' -1131', ' -80']","[' -34', ' 31', ' -88', ' 1900', ' 631', ' 396', ' 77', ' -251', ' -25']",pinch2finger,False
15:44:11.282959,"['-1641', ' -702', ' 1186', ' 9', ' 67', ' -155', ' -1693', ' -1148', ' -71']","[' -47', ' 33', ' -95', ' 1939', ' 588', ' 358', ' 98', ' -225', ' -17']",pinch2finger,False
15:44:11.286468,"['-1527', ' -694', ' 1185', ' 9', ' 67', ' -155', ' -1726', ' -1095', ' -63']","[' -42', ' 27', ' -96', ' 1870', ' 662', ' 292', ' 116', ' -240', ' -38']",pinch2finger,False
15:44:11.290453,"['-1534', ' -839', ' 1279', ' 9', ' 67', ' -155', ' -1734', ' -1132', ' -88']","[' -50', ' 20', ' -119', ' 1922', ' 684', ' 317', ' 147', ' -239', ' -56']",pinch2finger,False
15:44:11.294447,"['-1541', ' -660', ' 1208', ' 9', ' 67', ' -155', ' -1689', ' -1144', ' -83']","[' -50', ' -7', ' -112', ' 1907', ' 667', ' 274', ' 145', ' -245', ' -64']",pinch2finger,False
15:44:11.298436,"['-1580', ' -865', ' 1298', ' 9', ' 67', ' -155', ' -1322', ' -1462', ' -17']","[' -25', ' -274', ' -136', ' 1973', ' 616', ' 292', ' 144', ' -257', ' -72']",pinch2finger,False
15:44:11.302421,"['-1337', ' -734', ' 1145', ' 9', ' 67', ' -155', ' -1542', ' -1105', ' -109']","[' -70', ' -20', ' -79', ' 1901', ' 701', ' 187', ' 139', ' -240', ' -77']",pinch2finger,False
15:44:11.306415,"['-1761', ' -862', ' 1269', ' 9', ' 67', ' -155', ' -1971', ' -1796', ' -97']","[' 24', ' 204', ' -278', ' 1895', ' 828', ' 127', ' 155', ' -314', ' -163']",pinch2finger,False
15:44:11.310404,"['-1268', ' -789', ' 1246', ' 9', ' 67', ' -155', ' -1796', ' -1286', ' -98']","[' -55', ' 26', ' -177', ' 1815', ' 848', ' 96', ' 92', ' -355', ' -156']",pinch2finger,False
15:44:11.314397,"['-1578', ' -687', ' 1182', ' -5', ' 76', ' -160', ' -1490', ' -1411', ' -114']","[' -37', ' 38', ' -41', ' 2025', ' 769', ' 183', ' 84', ' -321', ' -72']",pinch2finger,False
15:44:11.318379,"['-1454', ' -833', ' 1200', ' -5', ' 76', ' -160', ' -1647', ' -1146', ' -100']","[' 6', ' 98', ' -119', ' 2110', ' 712', ' 269', ' 67', ' -262', ' -78']",pinch2finger,False
15:44:11.322368,"['-1355', ' -850', ' 1230', ' -5', ' 76', ' -160', ' -1757', ' -1119', ' -94']","[' -9', ' 42', ' -122', ' 2027', ' 681', ' 249', ' 69', ' -193', ' -91']",pinch2finger,False
15:44:11.326357,"['-1569', ' -658', ' 1167', ' -5', ' 76', ' -160', ' -1674', ' -1216', ' -136']","[' -2', ' 46', ' -83', ' 1924', ' 641', ' 299', ' 89', ' -159', ' -99']",pinch2finger,False
15:44:11.330346,"['-1506', ' -740', ' 1169', ' -5', ' 76', ' -160', ' -1719', ' -1123', ' -85']","[' 4', ' -7', ' -84', ' 1910', ' 672', ' 260', ' 78', ' -170', ' -110']",pinch2finger,False
15:44:11.334335,"['-1528', ' -598', ' 1223', ' -5', ' 76', ' -160', ' -1612', ' -1222', ' -76']","[' 11', ' 7', ' -73', ' 1757', ' 669', ' 281', ' 48', ' -118', ' -50']",pinch2finger,False
15:44:11.337328,"['-1385', ' -631', ' 1209', ' -5', ' 76', ' -160', ' -1637', ' -1150', ' -82']","[' 7', ' 21', ' -76', ' 1818', ' 650', ' 293', ' 67', ' -192', ' -76']",pinch2finger,False
15:44:11.341322,"['-1450', ' -648', ' 1187', ' -5', ' 76', ' -160', ' -1646', ' -1139', ' -116']","[' -10', ' 57', ' -104', ' 1926', ' 637', ' 288', ' 53', ' -214', ' -70']",pinch2finger,False
15:44:11.345306,"['-1499', ' -671', ' 1197', ' -5', ' 76', ' -160', ' -1716', ' -1157', ' -129']","[' -16', ' 67', ' -101', ' 1923', ' 651', ' 282', ' 54', ' -202', ' -69']",pinch2finger,False
15:44:11.349296,"['-1642', ' -746', ' 1199', ' -5', ' 76', ' -160', ' -1745', ' -1182', ' -122']","[' -19', ' 63', ' -126', ' 1981', ' 655', ' 299', ' 59', ' -178', ' -61']",pinch2finger,False
15:44:11.353285,"['-1632', ' -712', ' 1200', ' -16', ' 48', ' -160', ' -1718', ' -1196', ' -129']","[' -26', ' 40', ' -133', ' 1958', ' 662', ' 277', ' 76', ' -168', ' -73']",pinch2finger,False
15:44:11.357275,"['-1549', ' -743', ' 1203', ' -16', ' 48', ' -160', ' -1727', ' -1170', ' -121']","[' -7', ' 29', ' -144', ' 1954', ' 679', ' 275', ' 93', ' -178', ' -92']",pinch2finger,False
15:44:11.361263,"['-1546', ' -739', ' 1195', ' -16', ' 48', ' -160', ' -1706', ' -1169', ' -113']","[' -9', ' 32', ' -153', ' 1987', ' 691', ' 242', ' 72', ' -148', ' -104']",pinch2finger,False
15:44:11.365253,"['-1481', ' -710', ' 1177', ' -16', ' 48', ' -160', ' -1712', ' -1126', ' -117']","[' -10', ' 33', ' -167', ' 1950', ' 660', ' 313', ' 62', ' -82', ' -65']",pinch2finger,False
15:44:11.369243,"['-1545', ' -652', ' 1128', ' -16', ' 48', ' -160', ' -1700', ' -1156', ' -126']","[' -33', ' 33', ' -166', ' 1839', ' 609', ' 402', ' 90', ' -138', ' -57']",pinch2finger,False
15:44:11.373243,"['-1643', ' -689', ' 1164', ' -16', ' 48', ' -160', ' -1757', ' -1186', ' -85']","[' -31', ' 44', ' -137', ' 1881', ' 648', ' 277', ' 104', ' -209', ' -95']",pinch2finger,False
15:44:11.377233,"['-1581', ' -691', ' 1205', ' -16', ' 48', ' -160', ' -1669', ' -1152', ' -87']","[' -43', ' 18', ' -143', ' 1962', ' 649', ' 276', ' 107', ' -222', ' -95']",pinch2finger,False
15:44:11.381222,"['-1470', ' -673', ' 1181', ' -16', ' 48', ' -160', ' -1680', ' -1119', ' -98']","[' -51', ' 42', ' -122', ' 1927', ' 677', ' 286', ' 117', ' -177', ' -78']",pinch2finger,False
15:44:11.384214,"['-1530', ' -729', ' 1184', ' -16', ' 48', ' -160', ' -1696', ' -1123', ' -89']","[' -77', ' 50', ' -123', ' 1921', ' 645', ' 284', ' 111', ' -192', ' -79']",pinch2finger,False
15:44:11.388720,"['-1531', ' -712', ' 1178', ' -16', ' 48', ' -160', ' -1686', ' -1173', ' -112']","[' -69', ' 47', ' -111', ' 1940', ' 663', ' 261', ' 115', ' -166', ' -55']",pinch2finger,False
15:44:11.392704,"['-1472', ' -718', ' 1180', ' 1', ' 11', ' -162', ' -1679', ' -1155', ' -101']","[' -79', ' 54', ' -109', ' 1948', ' 685', ' 245', ' 120', ' -152', ' -57']",pinch2finger,False
15:44:11.396693,"['-1504', ' -741', ' 1187', ' 1', ' 11', ' -162', ' -1679', ' -1148', ' -114']","[' -72', ' 46', ' -93', ' 1943', ' 684', ' 232', ' 104', ' -127', ' -51']",pinch2finger,False
15:44:11.400683,"['-1527', ' -776', ' 1206', ' 1', ' 11', ' -162', ' -1677', ' -1188', ' -130']","[' -84', ' 45', ' -78', ' 1963', ' 689', ' 224', ' 101', ' -101', ' -47']",pinch2finger,False
15:44:11.404673,"['-1512', ' -778', ' 1182', ' 1', ' 11', ' -162', ' -1689', ' -1191', ' -137']","[' -59', ' 33', ' -55', ' 1971', ' 681', ' 216', ' 91', ' -86', ' -47']",pinch2finger,False
15:44:11.408661,"['-1493', ' -782', ' 1189', ' 1', ' 11', ' -162', ' -1649', ' -1208', ' -143']","[' -56', ' 20', ' -40', ' 1955', ' 689', ' 223', ' 67', ' -62', ' -34']",pinch2finger,False
15:44:11.412650,"['-1485', ' -789', ' 1180', ' 1', ' 11', ' -162', ' -1646', ' -1194', ' -146']","[' -68', ' 31', ' -50', ' 1944', ' 680', ' 232', ' 52', ' -48', ' -34']",pinch2finger,False
15:44:11.416640,"['-1507', ' -775', ' 1184', ' 1', ' 11', ' -162', ' -1692', ' -1175', ' -132']","[' -45', ' 30', ' -28', ' 1953', ' 685', ' 216', ' 49', ' -27', ' -38']",pinch2finger,False
15:44:11.420629,"['-1543', ' -735', ' 1177', ' 1', ' 11', ' -162', ' -1688', ' -1190', ' -117']","[' -47', ' 18', ' -26', ' 1953', ' 666', ' 242', ' 23', ' -3', ' -37']",pinch2finger,False
15:44:11.423627,"['-1565', ' -749', ' 1188', ' 1', ' 11', ' -162', ' -1720', ' -1192', ' -129']","[' -38', ' 16', ' -21', ' 1976', ' 661', ' 238', ' 16', ' 10', ' -35']",pinch2finger,False
15:44:11.427616,"['-1560', ' -752', ' 1174', ' 1', ' 11', ' -162', ' -1704', ' -1186', ' -126']","[' -56', ' 9', ' -19', ' 1942', ' 647', ' 239', ' 11', ' 22', ' -46']",pinch2finger,False
15:44:11.431605,"['-1529', ' -739', ' 1180', ' 19', ' 20', ' -131', ' -1696', ' -1162', ' -109']","[' -37', ' 11', ' -26', ' 1924', ' 696', ' 229', ' 15', ' 28', ' -45']",pinch2finger,False
15:44:11.435594,"['-1516', ' -734', ' 1197', ' 19', ' 20', ' -131', ' -1673', ' -1181', ' -100']","[' -28', ' 15', ' -18', ' 1893', ' 666', ' 244', ' 0', ' 35', ' -26']",pinch2finger,False
15:44:11.439583,"['-1520', ' -743', ' 1175', ' 19', ' 20', ' -131', ' -1694', ' -1189', ' -104']","[' -43', ' 13', ' -19', ' 1935', ' 669', ' 257', ' -5', ' 52', ' -15']",pinch2finger,False
15:44:11.443755,"['-1564', ' -734', ' 1181', ' 19', ' 20', ' -131', ' -1703', ' -1185', ' -132']","[' -43', ' 18', ' -20', ' 1969', ' 671', ' 255', ' 8', ' 48', ' -15']",pinch2finger,False
15:44:11.447781,"['-1566', ' -734', ' 1205', ' 19', ' 20', ' -131', ' -1719', ' -1194', ' -128']","[' -43', ' -4', ' -9', ' 1972', ' 668', ' 243', ' -1', ' 73', ' -20']",pinch2finger,False
15:44:11.451737,"['-1576', ' -754', ' 1193', ' 19', ' 20', ' -131', ' -1715', ' -1183', ' -126']","[' -48', ' -8', ' -8', ' 1975', ' 669', ' 257', ' 17', ' 89', ' -9']",pinch2finger,False
15:44:11.455131,"['-1561', ' -729', ' 1190', ' 19', ' 20', ' -131', ' -1698', ' -1202', ' -117']","[' -42', ' -16', ' 1', ' 1938', ' 673', ' 243', ' 15', ' 117', ' -4']",pinch2finger,False
15:44:11.459124,"['-1534', ' -732', ' 1193', ' 19', ' 20', ' -131', ' -1671', ' -1204', ' -129']","[' -51', ' -24', ' -6', ' 1937', ' 683', ' 246', ' 7', ' 115', ' -4']",release2finger,True
15:44:11.463118,"['-1507', ' -716', ' 1180', ' 19', ' 20', ' -131', ' -1680', ' -1183', ' -112']","[' -59', ' -23', ' -5', ' 1910', ' 682', ' 232', ' 17', ' 132', ' 16']",release2finger,True
15:44:11.467102,"['-1509', ' -730', ' 1207', ' 19', ' 20', ' -131', ' -1668', ' -1200', ' -126']","[' -60', ' -18', ' -4', ' 1886', ' 692', ' 238', ' 10', ' 127', ' 37']",release2finger,True
15:44:11.471093,"['-1521', ' -727', ' 1165', ' 19', ' 20', ' -131', ' -1677', ' -1192', ' -105']","[' -67', ' -4', ' 1', ' 1897', ' 684', ' 220', ' 11', ' 137', ' 30']",release2finger,True
15:44:11.475083,"['-1514', ' -701', ' 1178', ' 24', ' 40', ' -59', ' -1667', ' -1158', ' -109']","[' -67', ' -11', ' 2', ' 1887', ' 679', ' 253', ' 21', ' 123', ' 44']",release2finger,True
15:44:11.478114,"['-1529', ' -688', ' 1179', ' 24', ' 40', ' -59', ' -1672', ' -1158', ' -108']","[' -82', ' -13', ' 7', ' 1879', ' 655', ' 269', ' 12', ' 123', ' 44']",release2finger,True
15:44:11.482102,"['-1547', ' -672', ' 1172', ' 24', ' 40', ' -59', ' -1685', ' -1166', ' -108']","[' -80', ' -12', ' 1', ' 1881', ' 657', ' 273', ' 37', ' 117', ' 56']",release2finger,True
15:44:11.486602,"['-1535', ' -672', ' 1175', ' 24', ' 40', ' -59', ' -1645', ' -1164', ' -97']","[' -93', ' -10', ' -12', ' 1866', ' 664', ' 248', ' 42', ' 128', ' 57']",release2finger,True
15:44:11.490592,"['-1521', ' -701', ' 1172', ' 24', ' 40', ' -59', ' -1657', ' -1181', ' -109']","[' -94', ' -13', ' -2', ' 1861', ' 669', ' 225', ' 48', ' 105', ' 58']",release2finger,True
15:44:11.494580,"['-1509', ' -725', ' 1197', ' 24', ' 40', ' -59', ' -1662', ' -1197', ' -115']","[' -95', ' -7', ' -13', ' 1859', ' 691', ' 223', ' 46', ' 87', ' 41']",release2finger,True
15:44:11.498570,"['-1494', ' -764', ' 1170', ' 24', ' 40', ' -59', ' -1635', ' -1199', ' -134']","[' -82', ' -7', ' -18', ' 1896', ' 678', ' 215', ' 31', ' 75', ' 53']",release2finger,True
15:44:11.501566,"['-1512', ' -751', ' 1171', ' 24', ' 40', ' -59', ' -1654', ' -1207', ' -135']","[' -70', ' 0', ' -22', ' 1888', ' 678', ' 221', ' 29', ' 78', ' 26']",release2finger,True
15:44:11.505556,"['-1526', ' -747', ' 1181', ' 24', ' 40', ' -59', ' -1659', ' -1196', ' -111']","[' -59', ' 3', ' -31', ' 1894', ' 675', ' 249', ' 20', ' 71', ' 19']",release2finger,True
15:44:11.509540,"['-1546', ' -733', ' 1162', ' 24', ' 40', ' -59', ' -1652', ' -1197', ' -129']","[' -56', ' -5', ' -36', ' 1880', ' 678', ' 251', ' 24', ' 49', ' 21']",release2finger,True
15:44:11.513534,"['-1533', ' -710', ' 1183', ' 18', ' 61', ' 33', ' -1667', ' -1200', ' -116']","[' -46', ' 1', ' -44', ' 1871', ' 679', ' 235', ' 24', ' 46', ' 8']",release2finger,True
15:44:11.517640,"['-1526', ' -719', ' 1173', ' 18', ' 61', ' 33', ' -1649', ' -1196', ' -97']","[' -39', ' 6', ' -45', ' 1860', ' 665', ' 238', ' 19', ' 29', ' 7']",release2finger,True
15:44:11.521143,"['-1532', ' -709', ' 1179', ' 18', ' 61', ' 33', ' -1675', ' -1197', ' -100']","[' -31', ' 17', ' -57', ' 1895', ' 670', ' 261', ' 16', ' 24', ' -10']",release2finger,True
15:44:11.525140,"['-1545', ' -717', ' 1192', ' 18', ' 61', ' 33', ' -1687', ' -1185', ' -104']","[' -24', ' 10', ' -69', ' 1920', ' 666', ' 247', ' 39', ' 2', ' -24']",release2finger,True
15:44:11.529133,"['-1587', ' -722', ' 1191', ' 18', ' 61', ' 33', ' -1705', ' -1196', ' -104']","[' -29', ' 14', ' -78', ' 1932', ' 684', ' 276', ' 27', ' -2', ' -46']",release2finger,True
15:44:11.533118,"['-1556', ' -711', ' 1169', ' 18', ' 61', ' 33', ' -1702', ' -1195', ' -102']","[' -20', ' 2', ' -69', ' 1930', ' 669', ' 268', ' 43', ' 11', ' -45']",release2finger,True
15:44:11.537245,"['-1552', ' -716', ' 1181', ' 18', ' 61', ' 33', ' -1681', ' -1182', ' -109']","[' -22', ' -12', ' -67', ' 1910', ' 675', ' 260', ' 42', ' 22', ' -55']",release2finger,False
15:44:11.541240,"['-1531', ' -715', ' 1183', ' 18', ' 61', ' 33', ' -1681', ' -1172', ' -99']","[' -26', ' -5', ' -74', ' 1895', ' 677', ' 259', ' 38', ' 16', ' -58']",release2finger,False
15:44:11.545224,"['-1520', ' -697', ' 1199', ' 18', ' 61', ' 33', ' -1670', ' -1190', ' -112']","[' -18', ' 12', ' -74', ' 1894', ' 709', ' 255', ' 42', ' 1', ' -63']",release2finger,False
15:44:11.549214,"['-1520', ' -710', ' 1186', ' 18', ' 61', ' 33', ' -1663', ' -1203', ' -88']","[' -14', ' 4', ' -71', ' 1913', ' 694', ' 261', ' 30', ' -16', ' -52']",release2finger,False
15:44:11.552206,"['-1525', ' -717', ' 1193', ' 10', ' 59', ' 70', ' -1672', ' -1186', ' -104']","[' -22', ' 6', ' -62', ' 1916', ' 694', ' 249', ' 42', ' -15', ' -72']",release2finger,False
15:44:11.556196,"['-1530', ' -728', ' 1211', ' 10', ' 59', ' 70', ' -1667', ' -1192', ' -100']","[' -19', ' 11', ' -48', ' 1906', ' 694', ' 259', ' 35', ' 3', ' -67']",release2finger,False
15:44:11.560184,"['-1530', ' -729', ' 1210', ' 10', ' 59', ' 70', ' -1691', ' -1183', ' -88']","[' -19', ' 36', ' -39', ' 1904', ' 685', ' 254', ' 33', ' 6', ' -65']",release2finger,False
15:44:11.564173,"['-1485', ' -694', ' 1172', ' 10', ' 59', ' 70', ' -1679', ' -1166', ' -123']","[' -26', ' 34', ' -15', ' 1921', ' 680', ' 257', ' 25', ' 10', ' -62']",release2finger,False
15:44:11.568185,"['-1470', ' -683', ' 1168', ' 10', ' 59', ' 70', ' -1680', ' -1142', ' -115']","[' -36', ' 27', ' -5', ' 1901', ' 672', ' 243', ' 22', ' 24', ' -29']",release2finger,False
15:44:11.572186,"['-1482', ' -708', ' 1182', ' 10', ' 59', ' 70', ' -1691', ' -1186', ' -107']","[' -39', ' 25', ' 18', ' 1939', ' 677', ' 240', ' 15', ' 35', ' -40']",release2finger,False
15:44:11.576174,"['-1535', ' -745', ' 1181', ' 10', ' 59', ' 70', ' -1691', ' -1192', ' -113']","[' -42', ' 18', ' 33', ' 1966', ' 675', ' 229', ' 18', ' 49', ' -49']",release2finger,False
15:44:11.580164,"['-1532', ' -769', ' 1187', ' 10', ' 59', ' 70', ' -1700', ' -1185', ' -132']","[' -49', ' 16', ' 41', ' 1952', ' 686', ' 203', ' 9', ' 53', ' -53']",release2finger,False
15:44:11.584153,"['-1509', ' -782', ' 1193', ' 10', ' 59', ' 70', ' -1674', ' -1200', ' -126']","[' -42', ' 16', ' 65', ' 1918', ' 705', ' 206', ' 5', ' 88', ' -38']",release2finger,False
15:44:11.587664,"['-1546', ' -735', ' 1175', ' 10', ' 59', ' 70', ' -1697', ' -1197', ' -140']","[' -40', ' 10', ' 77', ' 1967', ' 713', ' 208', ' -1', ' 96', ' -33']",release2finger,False
15:44:11.591657,"['-1509', ' -781', ' 1207', ' 10', ' 59', ' 70', ' -1672', ' -1211', ' -140']","[' -31', ' 8', ' 102', ' 1960', ' 671', ' 218', ' -8', ' 90', ' -54']",release2finger,False
15:44:11.595647,"['-1553', ' -762', ' 1187', ' 13', ' 25', ' 54', ' -1691', ' -1198', ' -136']","[' -24', ' 9', ' 106', ' 1908', ' 683', ' 223', ' -7', ' 100', ' -39']",release2finger,False
15:44:11.599647,"['-1549', ' -776', ' 1194', ' 13', ' 25', ' 54', ' -1685', ' -1219', ' -121']","[' -24', ' 8', ' 125', ' 1907', ' 664', ' 219', ' -14', ' 92', ' -42']",release2finger,False
15:44:11.603651,"['-1544', ' -721', ' 1196', ' 13', ' 25', ' 54', ' -1685', ' -1194', ' -142']","[' -18', ' -4', ' 126', ' 1927', ' 667', ' 248', ' -30', ' 90', ' -57']",release2finger,False
15:44:11.607640,"['-1558', ' -732', ' 1181', ' 13', ' 25', ' 54', ' -1682', ' -1196', ' -124']","[' -16', ' -2', ' 125', ' 1948', ' 682', ' 240', ' -13', ' 90', ' -58']",release2finger,False
15:44:11.610637,"['-1569', ' -752', ' 1192', ' 13', ' 25', ' 54', ' -1695', ' -1185', ' -134']","[' -1', ' -11', ' 124', ' 1926', ' 681', ' 254', ' -19', ' 97', ' -76']",release2finger,False
15:44:11.614627,"['-1572', ' -741', ' 1205', ' 13', ' 25', ' 54', ' -1698', ' -1191', ' -125']","[' 1', ' -6', ' 115', ' 1917', ' 677', ' 246', ' 3', ' 86', ' -79']",release2finger,False
15:44:11.618615,"['-1587', ' -743', ' 1202', ' 13', ' 25', ' 54', ' -1700', ' -1205', ' -138']","[' -9', ' -15', ' 111', ' 1915', ' 679', ' 248', ' -11', ' 78', ' -90']",release2finger,False
15:44:11.622764,"['-1557', ' -736', ' 1216', ' 13', ' 25', ' 54', ' -1680', ' -1216', ' -132']","[' 4', ' -11', ' 90', ' 1903', ' 679', ' 247', ' 9', ' 62', ' -107']",release2finger,False
15:44:11.626788,"['-1584', ' -733', ' 1223', ' 13', ' 25', ' 54', ' -1691', ' -1207', ' -125']","[' 13', ' -16', ' 79', ' 1916', ' 716', ' 238', ' 3', ' 61', ' -120']",release2finger,False
15:44:11.630776,"['-1561', ' -705', ' 1213', ' 13', ' 25', ' 54', ' -1690', ' -1214', ' -118']","[' 32', ' -20', ' 78', ' 1908', ' 698', ' 227', ' 14', ' 39', ' -149']",release2finger,False
15:44:11.634031,"['-1544', ' -726', ' 1237', ' 34', ' 0', ' 83', ' -1660', ' -1256', ' -119']","[' 28', ' -17', ' 63', ' 1929', ' 724', ' 234', ' 3', ' 55', ' -141']",release2finger,False
15:44:11.638011,"['-1538', ' -735', ' 1256', ' 34', ' 0', ' 83', ' -1641', ' -1223', ' -138']","[' 45', ' -32', ' 44', ' 1938', ' 719', ' 205', ' 8', ' 49', ' -146']",release2finger,False
15:44:11.641999,"['-1548', ' -713', ' 1245', ' 34', ' 0', ' 83', ' -1681', ' -1233', ' -114']","[' 65', ' -30', ' 47', ' 1955', ' 717', ' 254', ' 10', ' 64', ' -150']",release2finger,False
15:44:11.645948,"['-1538', ' -727', ' 1268', ' 34', ' 0', ' 83', ' -1682', ' -1234', ' -138']","[' 63', ' -31', ' 30', ' 2017', ' 714', ' 254', ' 12', ' 79', ' -160']",release2finger,False
15:44:11.649937,"['-1569', ' -733', ' 1261', ' 34', ' 0', ' 83', ' -1709', ' -1222', ' -130']","[' 72', ' -61', ' 22', ' 2083', ' 703', ' 261', ' 20', ' 138', ' -153']",release2finger,False
15:44:11.653926,"['-1509', ' -761', ' 1252', ' 34', ' 0', ' 83', ' -1688', ' -1218', ' -129']","[' 80', ' -88', ' 3', ' 2139', ' 682', ' 270', ' 34', ' 180', ' -158']",release2finger,False
15:44:11.657915,"['-1564', ' -748', ' 1240', ' 34', ' 0', ' 83', ' -1698', ' -1212', ' -134']","[' 80', ' -142', ' -8', ' 2105', ' 686', ' 299', ' 51', ' 256', ' -182']",release2finger,False
15:44:11.661905,"['-1623', ' -714', ' 1252', ' 34', ' 0', ' 83', ' -1505', ' -1217', ' -133']","[' 94', ' 52', ' 42', ' 2123', ' 702', ' 286', ' 75', ' 305', ' -207']",release2finger,False
15:44:11.665894,"['-1573', ' -703', ' 1222', ' 34', ' 0', ' 83', ' -1733', ' -1155', ' -96']","[' 97', ' -11', ' 18', ' 2021', ' 674', ' 288', ' 72', ' 406', ' -199']",release2finger,False
15:44:11.669883,"['-1537', ' -688', ' 1250', ' 34', ' 0', ' 83', ' -1668', ' -1192', ' -84']","[' 89', ' -48', ' -1', ' 1978', ' 695', ' 336', ' 97', ' 383', ' -232']",release2finger,False
15:44:11.672883,"['-1468', ' -676', ' 1305', ' 90', ' -31', ' 148', ' -1648', ' -1159', ' -75']","[' 81', ' -78', ' -20', ' 1883', ' 697', ' 342', ' 117', ' 440', ' -233']",release2finger,False
15:44:11.676872,"['-1485', ' -629', ' 1285', ' 90', ' -31', ' 148', ' -1668', ' -1197', ' -82']","[' 66', ' -71', ' -38', ' 1847', ' 682', ' 300', ' 140', ' 401', ' -265']",release2finger,False
15:44:11.680861,"['-1468', ' -620', ' 1275', ' 90', ' -31', ' 148', ' -1657', ' -1239', ' -57']","[' 61', ' -52', ' -42', ' 1908', ' 698', ' 274', ' 140', ' 394', ' -229']",release2finger,False
15:44:11.684850,"['-1528', ' -584', ' 1200', ' 90', ' -31', ' 148', ' -1573', ' -1213', ' -45']","[' 70', ' -5', ' -50', ' 1766', ' 758', ' 344', ' 120', ' 461', ' -247']",release2finger,False
15:44:11.688895,"['-1408', ' -654', ' 1193', ' 90', ' -31', ' 148', ' -1382', ' -1238', ' -43']","[' 93', ' 131', ' -27', ' 1837', ' 654', ' 331', ' 165', ' 301', ' -358']",release2finger,False
15:44:11.692879,"['-1541', ' -516', ' 1311', ' 90', ' -31', ' 148', ' -1701', ' -1194', ' -84']","[' 99', ' 215', ' -39', ' 1798', ' 715', ' 362', ' 162', ' 258', ' -400']",release2finger,False
15:44:11.696868,"['-1601', ' -489', ' 1383', ' 90', ' -31', ' 148', ' -1536', ' -1232', ' -93']","[' 100', ' 273', ' -51', ' 1867', ' 646', ' 339', ' 213', ' 136', ' -465']",release2finger,False
15:44:11.700025,"['-1607', ' -543', ' 1542', ' 90', ' -31', ' 148', ' -1629', ' -1157', ' -82']","[' 107', ' 208', ' -69', ' 2021', ' 692', ' 123', ' 235', ' 58', ' -496']",release2finger,False
15:44:11.704019,"['-1568', ' -537', ' 956', ' 90', ' -31', ' 148', ' -1885', ' -1484', ' 55']","[' 96', ' 28', ' -158', ' 1751', ' 749', ' 299', ' 227', ' 315', ' -416']",release2finger,False
15:44:11.708008,"['-1614', ' -706', ' 1318', ' 90', ' -31', ' 148', ' -1664', ' -1101', ' -201']","[' 164', ' 295', ' -168', ' 1635', ' 564', ' 388', ' 266', ' 65', ' -517']",release2finger,False
15:44:11.711997,"['-1425', ' -809', ' 1683', ' 90', ' -31', ' 148', ' -1582', ' -1304', ' -85']","[' 125', ' 236', ' -118', ' 2519', ' 1290', ' -849', ' 792', ' -263', ' -900']",release2finger,False
15:44:11.715987,"['-3350', ' 671', ' 1086', ' 235', ' -116', ' 181', ' -2365', ' -919', ' -210']","[' 160', ' 445', ' -170', ' 1976', ' 1305', ' 344', ' 192', ' 152', ' -634']",release2finger,False
15:44:11.719971,"['-1766', ' -253', ' 1143', ' 235', ' -116', ' 181', ' -1323', ' -1252', ' -108']","[' 62', ' -137', ' -205', ' 1398', ' 318', ' 337', ' 84', ' 32', ' -622']",release2finger,False
15:44:11.723961,"['-1241', ' -1087', ' 1631', ' 235', ' -116', ' 181', ' -1791', ' -1556', ' -65']","[' 151', ' -113', ' -238', ' 2019', ' 759', ' 374', ' 166', ' -311', ' -1005']",release2finger,False
15:44:11.727954,"['470', ' -637', ' 3365', ' 235', ' -116', ' 181', ' -1322', ' -1041', ' -163']","[' 264', ' 676', ' -126', ' 2997', ' 978', ' -78', ' 43', ' -289', ' -1053']",release2finger,False
15:44:11.731944,"['-2896', ' -348', ' 1273', ' 235', ' -116', ' 181', ' -2117', ' -860', ' -164']","[' 110', ' 402', ' -6', ' 1216', ' 771', ' 386', ' 128', ' 268', ' -749']",release2finger,False
15:44:11.734936,"['-841', ' -1064', ' 1558', ' 235', ' -116', ' 181', ' -1451', ' -1307', ' -136']","[' 116', ' 15', ' -96', ' 1575', ' 866', ' 481', ' 8', ' -226', ' -1102']",release2finger,False
15:44:11.738925,"['-1328', ' -619', ' 1288', ' 235', ' -116', ' 181', ' -1961', ' -1523', ' -68']","[' 169', ' 326', ' -127', ' 2152', ' 859', ' 807', ' 126', ' -204', ' -1153']",release2finger,False
15:44:11.742915,"['-1865', ' -309', ' 1655', ' 235', ' -116', ' 181', ' -1644', ' -1443', ' -147']","[' 206', ' 460', ' -138', ' 1812', ' 570', ' 752', ' 254', ' 96', ' -698']",release2finger,False
15:44:11.746904,"['-1591', ' -745', ' 1969', ' 235', ' -116', ' 181', ' -1760', ' -1068', ' -111']","[' 225', ' 499', ' -31', ' 1381', ' 266', ' 167', ' 389', ' -381', ' -937']",release2finger,False
15:44:11.750893,"['-245', ' -1586', ' 2943', ' 235', ' -116', ' 181', ' -1986', ' -873', ' -94']","[' 179', ' 201', ' -9', ' 2637', ' 231', ' 570', ' 68', ' -496', ' -730']",release2finger,False
15:44:11.754888,"['-2818', ' 80', ' 1949', ' 547', ' -233', ' 167', ' -1634', ' -1648', ' -50']","[' 251', ' 1667', ' 140', ' 1883', ' 520', ' 1145', ' 506', ' 227', ' -735']",release2finger,False
15:44:11.758877,"['-1641', ' -599', ' -90', ' 547', ' -233', ' 167', ' -491', ' -807', ' -48']","[' 362', ' 262', ' 189', ' 1533', ' 291', ' 1131', ' 737', ' -73', ' -878']",release2finger,False
15:44:11.762867,"['-1130', ' -539', ' 1026', ' 547', ' -233', ' 167', ' -2730', ' -1740', ' -60']","[' 230', ' 463', ' -8', ' 1857', ' 484', ' 734', ' 1038', ' -531', ' -1099']",release2finger,False
15:44:11.766850,"['-1632', ' 0', ' 783', ' 547', ' -233', ' 167', ' -1886', ' -752', ' -258']","[' 256', ' 484', ' 110', ' 2313', ' 833', ' 260', ' 1216', ' -344', ' -1094']",release2finger,False
15:44:11.770842,"['-1745', ' -410', ' 907', ' 547', ' -233', ' 167', ' -1268', ' -1615', ' 133']","[' 199', ' 282', ' 104', ' 1973', ' 1053', ' -30', ' 1115', ' -188', ' -1096']",release2finger,False
15:44:11.774834,"['-1910', ' -371', ' 1320', ' 547', ' -233', ' 167', ' -1548', ' -615', ' -233']","[' 110', ' 306', ' 239', ' 1830', ' 960', ' -4', ' 1013', ' -206', ' -1067']",release2finger,False
15:44:11.777830,"['-1498', ' -416', ' 1106', ' 547', ' -233', ' 167', ' -2047', ' -1179', ' -130']","[' 143', ' 410', ' 199', ' 1511', ' 853', ' 107', ' 913', ' -117', ' -965']",release2finger,False
15:44:11.781820,"['-2051', ' -118', ' 1693', ' 547', ' -233', ' 167', ' -938', ' -1028', ' -165']","[' 76', ' 195', ' 271', ' 1627', ' 842', ' 148', ' 918', ' -157', ' -860']",release2finger,False
15:44:11.785809,"['-464', ' -1231', ' 595', ' 547', ' -233', ' 167', ' -1754', ' -1213', ' -100']","[' 81', ' 344', ' 238', ' 1632', ' 872', ' 254', ' 907', ' -73', ' -785']",release2finger,False
15:44:11.789908,"['-1802', ' -233', ' 1639', ' 547', ' -233', ' 167', ' -1648', ' -963', ' -214']","[' 31', ' 259', ' 257', ' 1841', ' 783', ' 177', ' 886', ' -250', ' -797']",release2finger,False
15:44:11.793897,"['-317', ' -794', ' 580', ' 1154', ' -190', ' 1', ' -1647', ' -1111', ' -57']","[' 129', ' 194', ' 279', ' 1751', ' 944', ' 188', ' 878', ' -126', ' -797']",release2finger,False
15:44:11.797881,"['-1516', ' -446', ' 1567', ' 1154', ' -190', ' 1', ' -1745', ' -778', ' -245']","[' 56', ' 392', ' 318', ' 1790', ' 1011', ' 177', ' 880', ' -107', ' -735']",release2finger,False
15:44:11.801871,"['-1038', ' -472', ' 871', ' 1154', ' -190', ' 1', ' -1984', ' -1105', ' -6']","[' 198', ' 186', ' 315', ' 1757', ' 1000', ' 165', ' 817', ' -131', ' -739']",release2finger,False
15:44:11.805861,"['-1411', ' -208', ' 1604', ' 1154', ' -190', ' 1', ' -1409', ' -1272', ' -180']","[' 59', ' 301', ' 339', ' 1721', ' 845', ' 104', ' 787', ' -46', ' -649']",release2finger,False
15:44:11.809852,"['-2449', ' -36', ' 1697', ' 1154', ' -190', ' 1', ' -1933', ' -841', ' -207']","[' -34', ' 240', ' 331', ' 1701', ' 850', ' 92', ' 790', ' -56', ' -670']",release2finger,False
15:44:11.813839,"['-80', ' -1220', ' 618', ' 1154', ' -190', ' 1', ' -1607', ' -1124', ' -60']","[' 82', ' 28', ' 346', ' 1730', ' 964', ' 125', ' 728', ' -114', ' -658']",release2finger,False
15:44:11.816831,"['-1470', ' -804', ' 1512', ' 1154', ' -190', ' 1', ' -2432', ' -1120', ' -163']","[' 71', ' 369', ' 256', ' 1738', ' 947', ' 128', ' 731', ' -57', ' -597']",release2finger,False
15:44:11.820822,"['-1362', ' 30', ' 1064', ' 1154', ' -190', ' 1', ' -1102', ' -1048', ' -140']","[' 98', ' 62', ' 345', ' 1646', ' 974', ' 111', ' 688', ' -81', ' -607']",release2finger,False
15:44:11.824815,"['-2618', ' -45', ' 1719', ' 1154', ' -190', ' 1', ' -1577', ' -618', ' -230']","[' -78', ' 421', ' 347', ' 1756', ' 954', ' 133', ' 634', ' -47', ' -525']",release2finger,False
15:44:11.828803,"['1754', ' -2186', ' -100', ' 1154', ' -190', ' 1', ' -2463', ' -1133', ' -15']","[' 179', ' 154', ' 201', ' 1623', ' 890', ' 158', ' 601', ' -10', ' -484']",release2finger,False
15:44:11.832793,"['-1092', ' -469', ' 1393', ' 1617', ' 1', ' -247', ' -1301', ' -1421', ' -124']","[' 88', ' 181', ' 251', ' 1603', ' 1007', ' 147', ' 584', ' -125', ' -467']",release2finger,False
15:44:11.836783,"['-1948', ' 93', ' 1066', ' 1617', ' 1', ' -247', ' -1438', ' -709', ' -167']","[' 69', ' 232', ' 279', ' 1688', ' 1004', ' 68', ' 493', ' -140', ' -420']",release2finger,False
15:44:11.840772,"['-2612', ' -10', ' 2298', ' 1617', ' 1', ' -247', ' -1752', ' -440', ' -298']","[' -170', ' 711', ' 392', ' 1821', ' 1055', ' 87', ' 362', ' 57', ' -303']",release2finger,False
15:44:11.844756,"['-289', ' -1121', ' 1278', ' 1617', ' 1', ' -247', ' -1784', ' -1370', ' 20']","[' -165', ' -65', ' 179', ' 1538', ' 869', ' 195', ' 449', ' -6', ' -312']",release2finger,False
15:44:11.848746,"['-618', ' -910', ' 1432', ' 1617', ' 1', ' -247', ' -1711', ' -695', ' -161']","[' -34', ' 494', ' 241', ' 1579', ' 1013', ' 199', ' 481', ' -89', ' -279']",release2finger,False
15:44:11.852735,"['-1721', ' -509', ' 2084', ' 1617', ' 1', ' -247', ' -2537', ' -2244', ' 85']","[' -107', ' 186', ' 71', ' 1746', ' 998', ' 168', ' 405', ' -97', ' -220']",release2finger,False
15:44:11.856724,"['-1829', ' 357', ' 2134', ' 1617', ' 1', ' -247', ' -1066', ' -618', ' -218']","[' -103', ' 234', ' 218', ' 1621', ' 877', ' 199', ' 386', ' -3', ' -156']",release2finger,False
15:44:11.859721,"['213', ' -1363', ' -191', ' 1617', ' 1', ' -247', ' -2087', ' -1263', ' -16']","[' 101', ' 71', ' 97', ' 1633', ' 865', ' 200', ' 425', ' -143', ' -237']",release2finger,False
15:44:11.863711,"['-1293', ' -401', ' 1226', ' 1617', ' 1', ' -247', ' -1020', ' -935', ' -222']","[' -5', ' 277', ' 242', ' 1789', ' 1008', ' 144', ' 442', ' -233', ' -254']",release2finger,False
15:44:11.867902,"['-2901', ' 368', ' 1832', ' 1617', ' 1', ' -247', ' -2085', ' -871', ' -181']","[' -295', ' 303', ' 176', ' 1899', ' 1024', ' 141', ' 406', ' -105', ' -219']",release2finger,False
15:44:11.871920,"['-1881', ' 48', ' 2134', ' 1617', ' 1', ' -247', ' -1182', ' -634', ' -160']","[' -117', ' 138', ' 150', ' 1862', ' 936', ' 112', ' 383', ' 41', ' -188']",release2finger,False
15:44:11.875892,"['-2909', ' -431', ' 2178', ' 1475', ' 38', ' -332', ' -1806', ' -1492', ' -12']","[' -316', ' -30', ' -9', ' 1901', ' 1014', ' 170', ' 451', ' 4', ' -271']",release2finger,False
15:44:11.879881,"['769', ' -1311', ' 409', ' 1475', ' 38', ' -332', ' -956', ' -1588', ' -124']","[' -127', ' -154', ' 118', ' 1825', ' 790', ' 196', ' 477', ' -56', ' -333']",release2finger,False
15:44:11.883870,"['-2193', ' -267', ' 1686', ' 1475', ' 38', ' -332', ' -3511', ' -3217', ' 332']","[' -207', ' -65', ' -126', ' 1865', ' 776', ' 91', ' 461', ' -94', ' -331']",release2finger,False
15:44:11.887031,"['-1506', ' 545', ' 1991', ' 1475', ' 38', ' -332', ' -744', ' -869', ' -377']","[' -48', ' 124', ' 223', ' 1655', ' 970', ' 114', ' 457', ' -16', ' -394']",release2finger,False
15:44:11.891020,"['-3228', ' 318', ' 1395', ' 1475', ' 38', ' -332', ' -2405', ' -501', ' -330']","[' -237', ' 136', ' 30', ' 1975', ' 981', ' 90', ' 497', ' -117', ' -426']",release2finger,False
15:44:11.895009,"['-1026', ' -669', ' 1621', ' 1475', ' 38', ' -332', ' -1474', ' -1179', ' -109']","[' -175', ' -150', ' 78', ' 1736', ' 984', ' 26', ' 455', ' 58', ' -376']",release2finger,False
15:44:11.898999,"['-2178', ' -145', ' 1484', ' 1475', ' 38', ' -332', ' -2860', ' -1866', ' -66']","[' -232', ' -528', ' -319', ' 1788', ' 1010', ' 23', ' 424', ' 11', ' -372']",release2finger,False
15:44:11.902988,"['-389', ' -273', ' 487', ' 1475', ' 38', ' -332', ' -749', ' -1127', ' -176']","[' 132', ' -122', ' 147', ' 1751', ' 1020', ' 63', ' 404', ' 75', ' -382']",release2finger,False
15:44:11.906972,"['-2332', ' 61', ' 910', ' 1475', ' 38', ' -332', ' -1956', ' -1023', ' -227']","[' 80', ' 26', ' -21', ' 1950', ' 1019', ' 119', ' 401', ' -47', ' -438']",release2finger,False
15:44:11.910962,"['510', ' -1332', ' -397', ' 1475', ' 38', ' -332', ' -1166', ' -728', ' -212']","[' 257', ' -252', ' 117', ' 1750', ' 933', ' 146', ' 393', ' -21', ' -503']",release2finger,False
15:44:11.914951,"['-1919', ' 111', ' 1079', ' 1283', ' -14', ' -276', ' -1364', ' -1192', ' -249']","[' 61', ' 185', ' 114', ' 1740', ' 971', ' 71', ' 394', ' -91', ' -472']",release2finger,False
15:44:11.917949,"['-1909', ' 112', ' 1299', ' 1283', ' -14', ' -276', ' -1898', ' -827', ' -204']","[' -16', ' 94', ' 83', ' 1771', ' 1067', ' 48', ' 388', ' -42', ' -466']",release2finger,False
15:44:11.921932,"['-1508', ' -390', ' 1621', ' 1283', ' -14', ' -276', ' -1854', ' -1071', ' -143']","[' -59', ' -73', ' 42', ' 1711', ' 1083', ' 48', ' 292', ' 59', ' -346']",release2finger,False
15:44:11.925927,"['-1382', ' -615', ' 1594', ' 1283', ' -14', ' -276', ' -1900', ' -1826', ' 43']","[' 2', ' -233', ' -15', ' 1644', ' 972', ' 99', ' 273', ' 130', ' -285']",release2finger,False
15:44:11.929917,"['-1419', ' -197', ' 1666', ' 1283', ' -14', ' -276', ' -1557', ' -1229', ' -150']","[' 28', ' -14', ' 37', ' 1630', ' 962', ' 192', ' 286', ' -11', ' -341']",release2finger,False
15:44:11.933901,"['-1736', ' -247', ' 1334', ' 1283', ' -14', ' -276', ' -1960', ' -1143', ' -150']","[' 64', ' -184', ' -28', ' 1747', ' 960', ' 228', ' 313', ' -38', ' -378']",release2finger,False
15:44:11.937891,"['-1091', ' -485', ' 1292', ' 1283', ' -14', ' -276', ' -1521', ' -1191', ' -136']","[' 90', ' -206', ' 8', ' 1709', ' 952', ' 166', ' 298', ' -62', ' -346']",release2finger,False
15:44:11.941880,"['-1623', ' -19', ' 1371', ' 1283', ' -14', ' -276', ' -1290', ' -1249', ' -111']","[' 86', ' -176', ' -5', ' 1792', ' 989', ' 127', ' 290', ' -34', ' -329']",release2finger,False
15:44:11.945869,"['-1640', ' -94', ' 1275', ' 1283', ' -14', ' -276', ' -1700', ' -982', ' -151']","[' 66', ' 130', ' 49', ' 1765', ' 1043', ' 121', ' 296', ' 0', ' -301']",release2finger,False
15:44:11.949858,"['-1718', ' -191', ' 1318', ' 1283', ' -14', ' -276', ' -1762', ' -1005', ' -146']","[' 40', ' 85', ' 80', ' 1731', ' 944', ' 100', ' 267', ' 26', ' -266']",release2finger,False
15:44:11.953849,"['-1822', ' -202', ' 1321', ' 1291', ' 76', ' -161', ' -1749', ' -1068', ' -132']","[' 11', ' 64', ' 84', ' 1769', ' 998', ' 135', ' 238', ' 55', ' -244']",release2finger,False
15:44:11.957837,"['-1627', ' -215', ' 1356', ' 1291', ' 76', ' -161', ' -1679', ' -1149', ' -110']","[' 14', ' 88', ' 103', ' 1620', ' 948', ' 178', ' 279', ' -15', ' -299']",release2finger,False
15:44:11.961825,"['-1526', ' -295', ' 1387', ' 1291', ' 76', ' -161', ' -1696', ' -1153', ' -110']","[' 4', ' 111', ' 92', ' 1665', ' 990', ' 225', ' 312', ' -25', ' -281']",release2finger,False
15:44:11.964818,"['-1566', ' -143', ' 1422', ' 1291', ' 76', ' -161', ' -1684', ' -1109', ' -121']","[' -9', ' 80', ' 91', ' 1705', ' 948', ' 260', ' 289', ' 16', ' -226']",release2finger,False
15:44:11.968808,"['-1485', ' -186', ' 1472', ' 1291', ' 76', ' -161', ' -1792', ' -785', ' -170']","[' -38', ' 124', ' 108', ' 1698', ' 1071', ' 218', ' 321', ' 29', ' -218']",release2finger,False
15:44:11.972801,"['-1488', ' -250', ' 1353', ' 1291', ' 76', ' -161', ' -1802', ' -935', ' -135']","[' 21', ' 108', ' 94', ' 1667', ' 948', ' 249', ' 342', ' -4', ' -232']",release2finger,False
15:44:11.976794,"['-1433', ' -156', ' 1365', ' 1291', ' 76', ' -161', ' -1659', ' -989', ' -122']","[' 23', ' 129', ' 119', ' 1758', ' 891', ' 216', ' 335', ' -28', ' -226']",release2finger,False
15:44:11.980783,"['-1647', ' -90', ' 1233', ' 1291', ' 76', ' -161', ' -1700', ' -1098', ' -91']","[' -3', ' 149', ' 123', ' 1694', ' 1004', ' 199', ' 352', ' -23', ' -223']",release2finger,False
15:44:11.984773,"['-1511', ' -165', ' 1254', ' 1291', ' 76', ' -161', ' -1705', ' -1086', ' -77']","[' -16', ' 176', ' 139', ' 1744', ' 1019', ' 201', ' 371', ' -4', ' -194']",release2finger,False
15:44:11.988272,"['-1542', ' -88', ' 1303', ' 1291', ' 76', ' -161', ' -1707', ' -1107', ' -84']","[' -25', ' 158', ' 143', ' 1729', ' 989', ' 208', ' 394', ' 26', ' -199']",release2finger,False
15:44:11.992262,"['-1515', ' -187', ' 1416', ' 1291', ' 76', ' -161', ' -1694', ' -1074', ' -105']","[' -19', ' 181', ' 150', ' 1738', ' 967', ' 206', ' 415', ' -4', ' -197']",release2finger,False
15:44:11.996251,"['-1487', ' -228', ' 1521', ' 1210', ' 273', ' -42', ' -1680', ' -1011', ' -95']","[' -47', ' 187', ' 145', ' 1733', ' 975', ' 244', ' 439', ' 18', ' -196']",release2finger,False
15:44:12.000241,"['-1502', ' -240', ' 1511', ' 1210', ' 273', ' -42', ' -1693', ' -1044', ' -84']","[' -36', ' 221', ' 171', ' 1742', ' 989', ' 240', ' 452', ' 10', ' -212']",release2finger,False
15:44:12.004226,"['-1598', ' -179', ' 1495', ' 1210', ' 273', ' -42', ' -1661', ' -987', ' -116']","[' -62', ' 220', ' 174', ' 1715', ' 1000', ' 246', ' 473', ' 25', ' -209']",release2finger,False
15:44:12.008215,"['-1545', ' -156', ' 1494', ' 1210', ' 273', ' -42', ' -1690', ' -1105', ' -87']","[' -41', ' 245', ' 177', ' 1706', ' 984', ' 175', ' 494', ' 23', ' -204']",release2finger,False
15:44:12.012204,"['-1514', ' -208', ' 1463', ' 1210', ' 273', ' -42', ' -1663', ' -1091', ' -115']","[' -36', ' 252', ' 207', ' 1666', ' 1019', ' 165', ' 509', ' 46', ' -178']",release2finger,False
15:44:12.016193,"['-1557', ' -294', ' 1396', ' 1210', ' 273', ' -42', ' -1641', ' -1072', ' -117']","[' -46', ' 261', ' 196', ' 1704', ' 975', ' 165', ' 498', ' 39', ' -163']",release2finger,False
15:44:12.020182,"['-1419', ' -231', ' 1393', ' 1210', ' 273', ' -42', ' -1671', ' -1085', ' -91']","[' -44', ' 275', ' 221', ' 1709', ' 1042', ' 172', ' 514', ' 33', ' -122']",release2finger,False
15:44:12.024171,"['-1491', ' -89', ' 1287', ' 1210', ' 273', ' -42', ' -1763', ' -1131', ' -38']","[' -42', ' 288', ' 260', ' 1665', ' 978', ' 169', ' 519', ' 63', ' -141']",release2finger,False
15:44:12.027168,"['-1401', ' 23', ' 1301', ' 1210', ' 273', ' -42', ' -1621', ' -1509', ' -153']","[' -203', ' 289', ' 582', ' 1616', ' 1004', ' 177', ' 522', ' 40', ' -85']",release2finger,False
15:44:12.031157,"['-1433', ' -91', ' 1279', ' 1210', ' 273', ' -42', ' -1484', ' -1114', ' 13']","[' 31', ' 288', ' 361', ' 1764', ' 1026', ' 168', ' 548', ' -4', ' -123']",release2finger,False
15:44:12.035147,"['-1475', ' -57', ' 1270', ' 1137', ' 414', ' -14', ' -1656', ' -1057', ' -155']","[' 39', ' 365', ' 207', ' 1754', ' 1038', ' 86', ' 565', ' 54', ' -132']",release2finger,False
15:44:12.039137,"['-1591', ' 23', ' 1265', ' 1137', ' 414', ' -14', ' -1817', ' -989', ' -131']","[' -5', ' 330', ' 346', ' 1705', ' 998', ' 113', ' 563', ' 43', ' -124']",release2finger,False
15:44:12.043125,"['-1587', ' -21', ' 1288', ' 1137', ' 414', ' -14', ' -1589', ' -965', ' -145']","[' -15', ' 364', ' 394', ' 1702', ' 1025', ' 132', ' 557', ' 50', ' -129']",release2finger,False
15:44:12.047115,"['-1545', ' -56', ' 1302', ' 1137', ' 414', ' -14', ' -1571', ' -969', ' -156']","[' -29', ' 378', ' 321', ' 1664', ' 1040', ' 93', ' 543', ' 43', ' -109']",release2finger,False
15:44:12.051105,"['-1588', ' 2', ' 1224', ' 1137', ' 414', ' -14', ' -1722', ' -1043', ' -159']","[' -33', ' 324', ' 310', ' 1682', ' 1033', ' 58', ' 545', ' 76', ' -93']",release2finger,False
15:44:12.055089,"['-1609', ' -90', ' 1201', ' 1137', ' 414', ' -14', ' -1721', ' -1109', ' -175']","[' -47', ' 365', ' 343', ' 1674', ' 1029', ' 53', ' 537', ' 42', ' -95']",release2finger,False
15:44:12.059078,"['-1515', ' -70', ' 1269', ' 1137', ' 414', ' -14', ' -1612', ' -1082', ' -160']","[' -66', ' 319', ' 359', ' 1708', ' 1070', ' 34', ' 556', ' 52', ' -109']",release2finger,False
15:44:12.063067,"['-1525', ' -75', ' 1307', ' 1137', ' 414', ' -14', ' -1736', ' -1188', ' -158']","[' 7', ' 329', ' 335', ' 1705', ' 1067', ' 26', ' 540', ' 82', ' -99']",release2finger,False
15:44:12.066064,"['-1446', ' -73', ' 1284', ' 1137', ' 414', ' -14', ' -1626', ' -1065', ' -153']","[' -4', ' 319', ' 329', ' 1679', ' 1047', ' 50', ' 514', ' 85', ' -68']",release2finger,False
15:44:12.070054,"['-1606', ' -101', ' 1399', ' 1137', ' 414', ' -14', ' -1784', ' -996', ' -165']","[' -5', ' 331', ' 353', ' 1655', ' 1017', ' 86', ' 503', ' 118', ' -43']",release2finger,False
15:44:12.074053,"['-1602', ' -114', ' 1347', ' 1230', ' 478', ' -67', ' -1737', ' -1032', ' -159']","[' 2', ' 329', ' 382', ' 1733', ' 1018', ' 115', ' 542', ' 101', ' -48']",release2finger,False
15:44:12.078042,"['-1609', ' -100', ' 1338', ' 1230', ' 478', ' -67', ' -1729', ' -1050', ' -147']","[' -29', ' 330', ' 352', ' 1767', ' 1105', ' 95', ' 526', ' 49', ' -77']",release2finger,False
15:44:12.082030,"['-1669', ' -61', ' 1274', ' 1230', ' 478', ' -67', ' -1750', ' -1113', ' -121']","[' -8', ' 314', ' 325', ' 1645', ' 1002', ' 128', ' 543', ' 68', ' -76']",release2finger,False
15:44:12.086019,"['-1684', ' -58', ' 1257', ' 1230', ' 478', ' -67', ' -1720', ' -1029', ' -153']","[' -11', ' 348', ' 328', ' 1665', ' 996', ' 128', ' 576', ' 42', ' -75']",release2finger,False
15:44:12.089522,"['-1687', ' 51', ' 1181', ' 1230', ' 478', ' -67', ' -1693', ' -949', ' -178']","[' -39', ' 332', ' 321', ' 1696', ' 998', ' 99', ' 567', ' 89', ' -28']",release2finger,False
15:44:12.093511,"['-1731', ' 94', ' 1219', ' 1230', ' 478', ' -67', ' -1791', ' -1066', ' -169']","[' -46', ' 339', ' 311', ' 1622', ' 989', ' 82', ' 591', ' 55', ' -48']",release2finger,False
15:44:12.097503,"['-1723', ' -67', ' 1113', ' 1230', ' 478', ' -67', ' -2291', ' -1075', ' -153']","[' 26', ' 736', ' 251', ' 1763', ' 1080', ' 106', ' 603', ' -20', ' -77']",release2finger,False
15:44:12.101485,"['-1588', ' 8', ' 1222', ' 1230', ' 478', ' -67', ' -1867', ' -1269', ' -158']","[' 44', ' 210', ' 187', ' 1688', ' 989', ' 25', ' 551', ' -48', ' -111']",release2finger,False
15:44:12.105474,"['-1499', ' 229', ' 1083', ' 1230', ' 478', ' -67', ' -1525', ' -1150', ' -185']","[' 95', ' 179', ' 176', ' 1758', ' 990', ' -41', ' 552', ' 41', ' -51']",release2finger,False
15:44:12.109464,"['-1700', ' 112', ' 1176', ' 1230', ' 478', ' -67', ' -1610', ' -849', ' -317']","[' -39', ' 385', ' 201', ' 1752', ' 1119', ' -58', ' 597', ' -48', ' -107']",release2finger,False
15:44:12.113453,"['-1444', ' 77', ' 1242', ' 1230', ' 478', ' -67', ' -1796', ' -927', ' -262']","[' -61', ' 289', ' 250', ' 1860', ' 1125', ' -84', ' 550', ' 37', ' -40']",release2finger,False
15:44:12.116450,"['-1821', ' 132', ' 1180', ' 1365', ' 483', ' -148', ' -1819', ' -1154', ' -239']","[' -54', ' 292', ' 201', ' 1639', ' 1070', ' -112', ' 470', ' 94', ' 2']",release2finger,False
15:44:12.120551,"['-1335', ' -39', ' 1025', ' 1365', ' 483', ' -148', ' -1832', ' -1274', ' -247']","[' 22', ' 188', ' 193', ' 1794', ' 1100', ' -105', ' 482', ' 32', ' -24']",release2finger,False
15:44:12.124525,"['-1796', ' 85', ' 1064', ' 1365', ' 483', ' -148', ' -1698', ' -1099', ' -299']","[' -1', ' 273', ' 192', ' 1737', ' 1141', ' -78', ' 460', ' 51', ' -26']",release2finger,False
15:44:12.128670,"['-1503', ' 28', ' 1099', ' 1365', ' 483', ' -148', ' -1839', ' -1010', ' -326']","[' -6', ' 230', ' 192', ' 1761', ' 1068', ' -56', ' 414', ' 67', ' -10']",release2finger,False
15:44:12.132551,"['-1702', ' 88', ' 1144', ' 1365', ' 483', ' -148', ' -1787', ' -846', ' -396']","[' -13', ' 224', ' 197', ' 1787', ' 1081', ' -73', ' 385', ' 73', ' 5']",release2finger,False
15:44:12.136457,"['-1658', ' -2', ' 1133', ' 1365', ' 483', ' -148', ' -1820', ' -955', ' -333']","[' -79', ' 227', ' 234', ' 1829', ' 1064', ' -125', ' 382', ' 48', ' -13']",release2finger,False
15:44:12.140447,"['-1663', ' 18', ' 1144', ' 1365', ' 483', ' -148', ' -1867', ' -962', ' -353']","[' -104', ' 239', ' 260', ' 1823', ' 1107', ' -155', ' 335', ' 59', ' -43']",release2finger,False
15:44:12.144436,"['-1789', ' 58', ' 1100', ' 1365', ' 483', ' -148', ' -1825', ' -973', ' -382']","[' -161', ' 222', ' 214', ' 1896', ' 1110', ' -145', ' 288', ' 51', ' -51']",release2finger,False
15:44:12.147435,"['-1669', ' 69', ' 1005', ' 1365', ' 483', ' -148', ' -1849', ' -1168', ' -332']","[' -112', ' 155', ' 189', ' 1835', ' 1096', ' -133', ' 241', ' 89', ' -34']",release2finger,False
15:44:12.151418,"['-1871', ' 42', ' 1036', ' 1365', ' 483', ' -148', ' -1777', ' -914', ' -433']","[' -130', ' 160', ' 195', ' 1849', ' 1086', ' -111', ' 202', ' 119', ' -25']",release2finger,False
15:44:12.155412,"['-1641', ' -138', ' 1323', ' 1339', ' 379', ' -214', ' -2080', ' -1129', ' -293']","[' -188', ' 198', ' 163', ' 1844', ' 1073', ' -74', ' 177', ' 164', ' -17']",release2finger,False
15:44:12.159401,"['-1760', ' -12', ' 1239', ' 1339', ' 379', ' -214', ' -1809', ' -1003', ' -356']","[' -147', ' 103', ' 153', ' 1856', ' 1087', ' -37', ' 178', ' 147', ' -13']",release2finger,False
15:44:12.163391,"['-1754', ' 169', ' 1120', ' 1339', ' 379', ' -214', ' -1965', ' -824', ' -357']","[' -226', ' 174', ' 111', ' 1848', ' 1044', ' -41', ' 143', ' 140', ' -34']",release2finger,False
15:44:12.167376,"['-1783', ' 104', ' 1039', ' 1339', ' 379', ' -214', ' -2082', ' -1170', ' -379']","[' -20', ' 17', ' 113', ' 1797', ' 1013', ' -16', ' 154', ' 106', ' -43']",release2finger,False
15:44:12.171369,"['-1768', ' 185', ' 919', ' 1339', ' 379', ' -214', ' -1788', ' -1092', ' -284']","[' -89', ' 47', ' 105', ' 1776', ' 1098', ' -46', ' 155', ' 119', ' -65']",release2finger,False
15:44:12.175358,"['-1808', ' 217', ' 929', ' 1339', ' 379', ' -214', ' -1774', ' -1041', ' -313']","[' -102', ' 12', ' 112', ' 1800', ' 1084', ' -16', ' 146', ' 116', ' -52']",release2finger,False
15:44:12.179348,"['-1862', ' 166', ' 934', ' 1339', ' 379', ' -214', ' -1827', ' -935', ' -377']","[' -110', ' 36', ' 83', ' 1746', ' 1078', ' -14', ' 136', ' 135', ' -59']",release2finger,False
15:44:12.183336,"['-1864', ' 188', ' 1024', ' 1339', ' 379', ' -214', ' -1837', ' -982', ' -341']","[' -174', ' 19', ' 44', ' 1776', ' 1057', ' -16', ' 138', ' 103', ' -56']",release2finger,False
15:44:12.186328,"['-1846', ' 191', ' 1003', ' 1339', ' 379', ' -214', ' -1809', ' -911', ' -308']","[' -198', ' 26', ' 18', ' 1762', ' 1067', ' -18', ' 137', ' 116', ' -58']",release2finger,False
15:44:12.190539,"['-1819', ' 178', ' 1055', ' 1339', ' 379', ' -214', ' -1769', ' -952', ' -290']","[' -218', ' 38', ' -6', ' 1731', ' 1055', ' -2', ' 130', ' 81', ' -65']",release2finger,False
15:44:12.194542,"['-1749', ' 115', ' 1107', ' 1093', ' 265', ' -217', ' -1831', ' -1026', ' -277']","[' -210', ' 17', ' -42', ' 1741', ' 1043', ' 28', ' 123', ' 68', ' -55']",release2finger,False
15:44:12.198526,"['-1702', ' 59', ' 1186', ' 1093', ' 265', ' -217', ' -1816', ' -1074', ' -225']","[' -194', ' 23', ' -33', ' 1669', ' 1021', ' 36', ' 136', ' 57', ' -47']",release2finger,False
15:44:12.202515,"['-1618', ' 39', ' 1268', ' 1093', ' 265', ' -217', ' -1786', ' -1076', ' -214']","[' -156', ' 15', ' -24', ' 1668', ' 1042', ' 52', ' 147', ' 46', ' -35']",release2finger,False
15:44:12.206504,"['-1640', ' 41', ' 1307', ' 1093', ' 265', ' -217', ' -1753', ' -1003', ' -218']","[' -125', ' 20', ' -30', ' 1647', ' 1054', ' 69', ' 138', ' 44', ' 5']",release2finger,False
15:44:12.210494,"['-1578', ' 17', ' 1327', ' 1093', ' 265', ' -217', ' -1714', ' -977', ' -232']","[' -129', ' 28', ' -22', ' 1692', ' 1032', ' 55', ' 133', ' 43', ' 32']",release2finger,False
15:44:12.214484,"['-1592', ' 7', ' 1337', ' 1093', ' 265', ' -217', ' -1749', ' -938', ' -242']","[' -137', ' 57', ' -26', ' 1690', ' 1045', ' 41', ' 140', ' 20', ' 26']",release2finger,False
15:44:12.217481,"['-1573', ' 3', ' 1317', ' 1093', ' 265', ' -217', ' -1758', ' -1008', ' -222']","[' -134', ' 42', ' -10', ' 1672', ' 1051', ' 34', ' 131', ' 22', ' 33']",release2finger,False
15:44:12.221466,"['-1628', ' 66', ' 1281', ' 1093', ' 265', ' -217', ' -1683', ' -1030', ' -211']","[' -137', ' 72', ' 3', ' 1696', ' 1062', ' 44', ' 110', ' 21', ' 64']",release2finger,False
15:44:12.225455,"['-1596', ' -20', ' 1307', ' 1093', ' 265', ' -217', ' -1779', ' -993', ' -224']","[' -139', ' 99', ' 8', ' 1684', ' 1032', ' 65', ' 106', ' 18', ' 67']",release2finger,False
15:44:12.229410,"['-1529', ' 46', ' 1221', ' 1093', ' 265', ' -217', ' -1771', ' -1078', ' -185']","[' -94', ' 47', ' 4', ' 1700', ' 1031', ' 54', ' 122', ' 30', ' 82']",release2finger,False
15:44:12.233680,"['-1636', ' 144', ' 1200', ' 1093', ' 265', ' -217', ' -1719', ' -1070', ' -220']","[' -96', ' 63', ' 28', ' 1720', ' 1021', ' 42', ' 114', ' 11', ' 88']",release2finger,False
15:44:12.237577,"['-1603', ' 83', ' 1190', ' 656', ' 174', ' -136', ' -1743', ' -952', ' -226']","[' -132', ' 102', ' 35', ' 1733', ' 1034', ' 42', ' 116', ' 11', ' 93']",release2finger,False
15:44:12.241566,"['-1668', ' 98', ' 1212', ' 656', ' 174', ' -136', ' -1791', ' -960', ' -242']","[' -144', ' 66', ' 4', ' 1750', ' 1021', ' 46', ' 106', ' 25', ' 79']",release2finger,False
15:44:12.244597,"['-1677', ' 69', ' 1227', ' 656', ' 174', ' -136', ' -1794', ' -1087', ' -229']","[' -134', ' 74', ' 9', ' 1744', ' 1043', ' 43', ' 114', ' 2', ' 76']",release2finger,False
15:44:12.248552,"['-1679', ' 63', ' 1171', ' 656', ' 174', ' -136', ' -1775', ' -1100', ' -224']","[' -133', ' 68', ' 20', ' 1747', ' 1027', ' 21', ' 113', ' 31', ' 57']",release2finger,False
15:44:12.252541,"['-1675', ' 74', ' 1201', ' 656', ' 174', ' -136', ' -1759', ' -1055', ' -251']","[' -112', ' 54', ' 19', ' 1780', ' 1056', ' 41', ' 102', ' 33', ' 48']",release2finger,False
15:44:12.256530,"['-1645', ' -7', ' 1242', ' 656', ' 174', ' -136', ' -1765', ' -977', ' -257']","[' -124', ' 52', ' 7', ' 1779', ' 1056', ' 25', ' 95', ' 45', ' 36']",release2finger,False
15:44:12.260520,"['-1631', ' 19', ' 1250', ' 656', ' 174', ' -136', ' -1784', ' -1025', ' -246']","[' -109', ' 36', ' 11', ' 1731', ' 1049', ' 17', ' 82', ' 42', ' 19']",release2finger,False
15:44:12.264518,"['-1678', ' 85', ' 1222', ' 656', ' 174', ' -136', ' -1705', ' -925', ' -255']","[' -107', ' 33', ' 9', ' 1719', ' 1032', ' 5', ' 76', ' 32', ' 20']",release2finger,False
15:44:12.268493,"['-1753', ' 85', ' 1241', ' 656', ' 174', ' -136', ' -1733', ' -913', ' -286']","[' -175', ' 61', ' -12', ' 1658', ' 1059', ' 51', ' 80', ' 29', ' 20']",release2finger,False
15:44:12.271749,"['-1642', ' 115', ' 1160', ' 656', ' 174', ' -136', ' -1762', ' -1157', ' -214']","[' -108', ' 21', ' -17', ' 1684', ' 1022', ' 46', ' 92', ' 33', ' 18']",release2finger,False
15:44:12.275749,"['-1668', ' 143', ' 1087', ' 271', ' 62', ' -59', ' -1751', ' -1084', ' -233']","[' -83', ' 34', ' -12', ' 1664', ' 1031', ' 63', ' 69', ' 6', ' 18']",release2finger,False
15:44:12.279716,"['-1637', ' 119', ' 1136', ' 271', ' 62', ' -59', ' -1731', ' -970', ' -231']","[' -80', ' 38', ' -10', ' 1700', ' 1042', ' 56', ' 73', ' -2', ' 23']",release2finger,False
15:44:12.283923,"['-1650', ' 85', ' 1158', ' 271', ' 62', ' -59', ' -1738', ' -942', ' -239']","[' -84', ' 45', ' -31', ' 1687', ' 1033', ' 52', ' 88', ' -4', ' 22']",release2finger,False
15:44:12.287437,"['-1646', ' 134', ' 1216', ' 271', ' 62', ' -59', ' -1738', ' -968', ' -236']","[' -82', ' 61', ' -30', ' 1688', ' 1020', ' 67', ' 86', ' 2', ' 22']",release2finger,False
15:44:12.291391,"['-1628', ' 138', ' 1166', ' 271', ' 62', ' -59', ' -1773', ' -1038', ' -212']","[' -86', ' 63', ' -23', ' 1694', ' 1023', ' 53', ' 81', ' -8', ' 29']",release2finger,False
15:44:12.295381,"['-1665', ' 147', ' 1151', ' 271', ' 62', ' -59', ' -1750', ' -994', ' -233']","[' -72', ' 56', ' -14', ' 1706', ' 1043', ' 37', ' 97', ' -16', ' 38']",release2finger,False
15:44:12.299370,"['-1697', ' 138', ' 1175', ' 271', ' 62', ' -59', ' -1728', ' -945', ' -228']","[' -85', ' 66', ' -10', ' 1722', ' 1037', ' 26', ' 99', ' -10', ' 48']",release2finger,False
15:44:12.303355,"['-1681', ' 106', ' 1183', ' 271', ' 62', ' -59', ' -1774', ' -995', ' -250']","[' -116', ' 70', ' -3', ' 1719', ' 1003', ' 47', ' 105', ' -9', ' 58']",release2finger,False
15:44:12.307344,"['-1683', ' 130', ' 1176', ' 271', ' 62', ' -59', ' -1790', ' -1036', ' -241']","[' -127', ' 71', ' -6', ' 1733', ' 1034', ' 48', ' 106', ' -16', ' 46']",release2finger,False
15:44:12.310341,"['-1693', ' 115', ' 1197', ' 271', ' 62', ' -59', ' -1732', ' -965', ' -261']","[' -158', ' 80', ' 17', ' 1736', ' 1012', ' 32', ' 107', ' -14', ' 46']",release2finger,False
15:44:12.314330,"['-1689', ' 125', ' 1227', ' 161', ' 15', ' -46', ' -1650', ' -805', ' -271']","[' -169', ' 105', ' 26', ' 1757', ' 1040', ' 34', ' 124', ' -13', ' 50']",release2finger,False
15:44:12.318319,"['-1759', ' 118', ' 1282', ' 161', ' 15', ' -46', ' -1788', ' -1109', ' -266']","[' -175', ' 102', ' 6', ' 1699', ' 1001', ' 50', ' 104', ' 4', ' 59']",release2finger,False
15:44:12.322309,"['-1605', ' 226', ' 1066', ' 161', ' 15', ' -46', ' -1812', ' -1042', ' -251']","[' -164', ' 31', ' -20', ' 1721', ' 1032', ' 22', ' 113', ' -3', ' 69']",release2finger,False
15:44:12.326298,"['-1676', ' 266', ' 979', ' 161', ' 15', ' -46', ' -1778', ' -1031', ' -279']","[' -157', ' 58', ' 5', ' 1731', ' 1015', ' -12', ' 116', ' -26', ' 56']",release2finger,False
15:44:12.330288,"['-1611', ' 186', ' 946', ' 161', ' 15', ' -46', ' -1757', ' -935', ' -298']","[' -189', ' 65', ' -5', ' 1741', ' 1050', ' 1', ' 116', ' -16', ' 58']",release2finger,False
15:44:12.334272,"['-1636', ' 187', ' 1032', ' 161', ' 15', ' -46', ' -1747', ' -925', ' -274']","[' -209', ' 52', ' -45', ' 1739', ' 1038', ' -2', ' 86', ' -8', ' 71']",release2finger,False
15:44:12.338261,"['-1696', ' 101', ' 1166', ' 161', ' 15', ' -46', ' -1780', ' -982', ' -278']","[' -221', ' 77', ' -40', ' 1729', ' 1037', ' 3', ' 79', ' -17', ' 75']",release2finger,False
15:44:12.342251,"['-1678', ' 41', ' 1251', ' 161', ' 15', ' -46', ' -1752', ' -1006', ' -281']","[' -235', ' 69', ' -39', ' 1727', ' 1020', ' 22', ' 78', ' -12', ' 76']",release2finger,False
15:44:12.345243,"['-1658', ' 22', ' 1282', ' 161', ' 15', ' -46', ' -1788', ' -1032', ' -271']","[' -234', ' 62', ' -41', ' 1748', ' 1020', ' 20', ' 63', ' -4', ' 90']",release2finger,False
15:44:12.349233,"['-1656', ' 45', ' 1273', ' 161', ' 15', ' -46', ' -1803', ' -1014', ' -283']","[' -229', ' 57', ' -28', ' 1769', ' 1035', ' 9', ' 57', ' 1', ' 86']",release2finger,False
15:44:12.353221,"['-1656', ' 51', ' 1221', ' 161', ' 15', ' -46', ' -1795', ' -1033', ' -318']","[' -229', ' 53', ' -27', ' 1689', ' 1096', ' 31', ' 58', ' 17', ' 76']",release2finger,False
15:44:12.357212,"['-1727', ' 83', ' 1164', ' 147', ' 16', ' -51', ' -1778', ' -982', ' -309']","[' -246', ' 34', ' -31', ' 1996', ' 1023', ' -53', ' 57', ' 11', ' 55']",release2finger,False
15:44:12.361200,"['-1790', ' 100', ' 1148', ' 147', ' 16', ' -51', ' -1763', ' -975', ' -323']","[' -255', ' 36', ' -42', ' 1711', ' 1046', ' -14', ' 37', ' -11', ' 26']",release2finger,False
15:44:12.365189,"['-1776', ' 77', ' 1182', ' 147', ' 16', ' -51', ' -1795', ' -990', ' -318']","[' -283', ' 33', ' -53', ' 1782', ' 1033', ' 31', ' 50', ' -16', ' 25']",release2finger,False
15:44:12.369184,"['-1757', ' -9', ' 1211', ' 147', ' 16', ' -51', ' -1788', ' -1040', ' -332']","[' -280', ' 24', ' -67', ' 1782', ' 1003', ' 32', ' 16', ' 35', ' 51']",release2finger,False
15:44:12.373174,"['-1690', ' 31', ' 1260', ' 147', ' 16', ' -51', ' -1770', ' -1038', ' -302']","[' -320', ' 10', ' -91', ' 1763', ' 1012', ' 64', ' 40', ' 18', ' 32']",release2finger,False
15:44:12.377164,"['-1708', ' 40', ' 1236', ' 147', ' 16', ' -51', ' -1789', ' -1072', ' -226']","[' -277', ' 27', ' -78', ' 1772', ' 1007', ' 56', ' 38', ' 10', ' 8']",release2finger,False
15:44:12.380161,"['-1713', ' 70', ' 1212', ' 147', ' 16', ' -51', ' -1788', ' -1001', ' -275']","[' -243', ' 22', ' -75', ' 1765', ' 1017', ' 30', ' 52', ' -9', ' 8']",release2finger,False
15:44:12.384151,"['-1701', ' 73', ' 1200', ' 147', ' 16', ' -51', ' -1784', ' -1013', ' -336']","[' -255', ' 7', ' -87', ' 1795', ' 1023', ' 11', ' 42', ' 2', ' 7']",release2finger,False
15:44:12.388646,"['-1744', ' 95', ' 1167', ' 147', ' 16', ' -51', ' -1767', ' -1021', ' -308']","[' -257', ' 25', ' -84', ' 1776', ' 1017', ' 20', ' 35', ' 33', ' 16']",release2finger,False
15:44:12.392635,"['-1716', ' 67', ' 1194', ' 147', ' 16', ' -51', ' -1797', ' -1008', ' -288']","[' -271', ' 21', ' -86', ' 1759', ' 1011', ' 29', ' 32', ' 26', ' 11']",release2finger,False
15:44:12.395627,"['-1698', ' 17', ' 1275', ' 27', ' -11', ' -46', ' -1796', ' -1015', ' -280']","[' -263', ' 14', ' -82', ' 1758', ' 1001', ' 44', ' 24', ' 33', ' 11']",release2finger,False
15:44:12.399617,"['-1658', ' -5', ' 1307', ' 27', ' -11', ' -46', ' -1774', ' -1049', ' -282']","[' -248', ' 16', ' -71', ' 1755', ' 1018', ' 38', ' 30', ' 35', ' 16']",release2finger,False
15:44:12.403606,"['-1630', ' 9', ' 1289', ' 27', ' -11', ' -46', ' -1751', ' -1044', ' -295']","[' -247', ' 5', ' -84', ' 1749', ' 1030', ' 42', ' 34', ' 28', ' 5']",release2finger,False
15:44:12.407594,"['-1632', ' 44', ' 1202', ' 27', ' -11', ' -46', ' -1812', ' -1057', ' -291']","[' -272', ' 5', ' -99', ' 1763', ' 1057', ' 22', ' 26', ' 21', ' 0']",release2finger,False
15:44:12.411584,"['-1652', ' 73', ' 1205', ' 27', ' -11', ' -46', ' -1813', ' -1007', ' -301']","[' -251', ' 0', ' -103', ' 1760', ' 1044', ' 12', ' 7', ' 18', ' -11']",release2finger,False
15:44:12.415574,"['-1719', ' 90', ' 1193', ' 27', ' -11', ' -46', ' -1747', ' -1042', ' -297']","[' -266', ' -9', ' -76', ' 1724', ' 999', ' 37', ' 23', ' 30', ' 0']",release2finger,False
15:44:12.419563,"['-1727', ' 113', ' 1230', ' 27', ' -11', ' -46', ' -1746', ' -1018', ' -303']","[' -263', ' 14', ' -73', ' 1722', ' 1047', ' 29', ' 29', ' 31', ' -2']",release2finger,False
15:44:12.423552,"['-1621', ' 73', ' 1240', ' 27', ' -11', ' -46', ' -1739', ' -1031', ' -282']","[' -261', ' 5', ' -78', ' 1763', ' 1018', ' 31', ' 17', ' 47', ' 10']",release2finger,False
15:44:12.427542,"['-1648', ' 25', ' 1268', ' 27', ' -11', ' -46', ' -1740', ' -1041', ' -267']","[' -259', ' 26', ' -81', ' 1740', ' 1031', ' 31', ' 25', ' 51', ' 17']",release2finger,False
15:44:12.431531,"['-1646', ' 26', ' 1261', ' 27', ' -11', ' -46', ' -1757', ' -1052', ' -284']","[' -251', ' 4', ' -93', ' 1702', ' 1022', ' 16', ' 27', ' 29', ' 6']",release2finger,False
15:44:12.435520,"['-1668', ' 82', ' 1245', ' -125', ' -39', ' -21', ' -1754', ' -1046', ' -270']","[' -249', ' 4', ' -84', ' 1696', ' 1028', ' -2', ' 30', ' 22', ' 1']",release2finger,False
15:44:12.439509,"['-1623', ' 71', ' 1229', ' -125', ' -39', ' -21', ' -1744', ' -1044', ' -289']","[' -265', ' 9', ' -77', ' 1721', ' 1057', ' 28', ' 26', ' 9', ' 5']",release2finger,False
15:44:12.442560,"['-1664', ' 39', ' 1264', ' -125', ' -39', ' -21', ' -1743', ' -1044', ' -299']","[' -259', ' 5', ' -84', ' 1742', ' 1039', ' 14', ' 7', ' 13', ' 10']",release2finger,False
15:44:12.446561,"['-1637', ' 6', ' 1308', ' -125', ' -39', ' -21', ' -1746', ' -1041', ' -303']","[' -256', ' 5', ' -80', ' 1745', ' 1022', ' 9', ' 4', ' 0', ' 1']",release2finger,False
15:44:12.450550,"['-1647', ' -22', ' 1345', ' -125', ' -39', ' -21', ' -1755', ' -1065', ' -343']","[' -275', ' 4', ' -88', ' 1706', ' 1022', ' 17', ' -1', ' -23', ' -34']",release2finger,False
15:44:12.454534,"['-1631', ' -28', ' 1335', ' -125', ' -39', ' -21', ' -1761', ' -1063', ' -332']","[' -270', ' 1', ' -79', ' 1739', ' 1041', ' 11', ' -11', ' -44', ' -25']",release2finger,False
15:44:12.458528,"['-1648', ' -11', ' 1304', ' -125', ' -39', ' -21', ' -1748', ' -1014', ' -354']","[' -278', ' 14', ' -76', ' 1758', ' 1050', ' 12', ' -25', ' -56', ' -45']",release2finger,False
15:44:12.462518,"['-1698', ' 10', ' 1261', ' -125', ' -39', ' -21', ' -1785', ' -1050', ' -352']","[' -287', ' 0', ' -71', ' 1738', ' 1057', ' 2', ' -33', ' -81', ' -49']",release2finger,False
15:44:12.466507,"['-1732', ' -2', ' 1220', ' -125', ' -39', ' -21', ' -1782', ' -1002', ' -343']","[' -294', ' 14', ' -99', ' 1708', ' 1011', ' 21', ' -58', ' -124', ' -68']",release2finger,False
15:44:12.470496,"['-1815', ' 65', ' 1167', ' -125', ' -39', ' -21', ' -1779', ' -996', ' -354']","[' -297', ' -4', ' -116', ' 1721', ' 1038', ' 8', ' -72', ' -138', ' -75']",release2finger,False
15:44:12.474489,"['-1721', ' 22', ' 1160', ' -125', ' -39', ' -21', ' -1749', ' -996', ' -308']","[' -307', ' 0', ' -127', ' 1728', ' 1019', ' 20', ' -82', ' -170', ' -69']",release2finger,False
15:44:12.478478,"['-1752', ' 25', ' 1226', ' -197', ' -61', ' 10', ' -1789', ' -1011', ' -310']","[' -294', ' 12', ' -150', ' 1745', ' 1043', ' 64', ' -78', ' -163', ' -60']",release2finger,False
15:44:12.482468,"['-1738', ' -36', ' 1232', ' -197', ' -61', ' 10', ' -1818', ' -1040', ' -328']","[' -283', ' 32', ' -173', ' 1750', ' 978', ' 41', ' -110', ' -189', ' -59']",release2finger,False
15:44:12.485454,"['-1752', ' -30', ' 1263', ' -197', ' -61', ' 10', ' -1825', ' -1029', ' -335']","[' -265', ' -4', ' -171', ' 1741', ' 960', ' 77', ' -98', ' -219', ' -79']",release2finger,False
15:44:12.490137,"['-1820', ' 27', ' 1241', ' -197', ' -61', ' 10', ' -1779', ' -1022', ' -306']","[' -260', ' 13', ' -201', ' 1704', ' 968', ' 36', ' -25', ' -191', ' -86']",release2finger,False
15:44:12.494136,"['-1807', ' 17', ' 1202', ' -197', ' -61', ' 10', ' -1801', ' -1025', ' -305']","[' -237', ' 24', ' -217', ' 1798', ' 1047', ' 40', ' 1', ' -210', ' -69']",release2finger,False
15:44:12.498117,"['-1668', ' 69', ' 1222', ' -197', ' -61', ' 10', ' -1734', ' -1006', ' -322']","[' -239', ' 33', ' -235', ' 1782', ' 1036', ' 28', ' -91', ' -151', ' -13']",release2finger,False
15:44:12.502137,"['-1736', ' 69', ' 1208', ' -197', ' -61', ' 10', ' -1780', ' -1004', ' -295']","[' -224', ' 44', ' -270', ' 1629', ' 1002', ' -5', ' -100', ' -207', ' -36']",release2finger,False
15:44:12.506187,"['-1863', ' 2', ' 1196', ' -197', ' -61', ' 10', ' -1751', ' -1019', ' -301']","[' -206', ' 49', ' -287', ' 1721', ' 1045', ' 65', ' -45', ' -236', ' -60']",release2finger,False
15:44:12.509309,"['-1768', ' 23', ' 1246', ' -197', ' -61', ' 10', ' -1763', ' -1021', ' -309']","[' -183', ' 57', ' -294', ' 1746', ' 1021', ' 42', ' -62', ' -249', ' -50']",release2finger,False
15:44:12.513177,"['-1692', ' 41', ' 1241', ' -197', ' -61', ' 10', ' -1788', ' -1019', ' -314']","[' -179', ' 59', ' -293', ' 1743', ' 1001', ' 60', ' -48', ' -249', ' -57']",release2finger,False
15:44:12.518124,"['-1687', ' 75', ' 1208', ' -184', ' -110', ' 15', ' -1730', ' -978', ' -321']","[' -157', ' 33', ' -304', ' 1751', ' 1021', ' 49', ' -78', ' -277', ' -54']",release2finger,False
15:44:12.521121,"['-1651', ' 77', ' 1195', ' -184', ' -110', ' 15', ' -1732', ' -1002', ' -299']","[' -174', ' 65', ' -331', ' 1759', ' 984', ' 35', ' -85', ' -253', ' -27']",release2finger,False
15:44:12.525110,"['-1691', ' 92', ' 1191', ' -184', ' -110', ' 15', ' -1751', ' -982', ' -311']","[' -182', ' 83', ' -336', ' 1725', ' 1023', ' 50', ' -59', ' -244', ' -33']",release2finger,False
15:44:12.529094,"['-1655', ' 84', ' 1182', ' -184', ' -110', ' 15', ' -1758', ' -996', ' -291']","[' -193', ' 79', ' -348', ' 1683', ' 1018', ' 58', ' -58', ' -279', ' -45']",release2finger,False
15:44:12.533088,"['-1656', ' 94', ' 1240', ' -184', ' -110', ' 15', ' -1736', ' -998', ' -267']","[' -187', ' 74', ' -347', ' 1728', ' 1028', ' 8', ' -63', ' -271', ' -31']",release2finger,False
15:44:12.537075,"['-1653', ' 28', ' 1301', ' -184', ' -110', ' 15', ' -1741', ' -1015', ' -275']","[' -164', ' 74', ' -346', ' 1759', ' 1027', ' 13', ' -62', ' -240', ' -3']",release2finger,False
15:44:12.541064,"['-1607', ' -8', ' 1319', ' -184', ' -110', ' 15', ' -1768', ' -1065', ' -273']","[' -158', ' 73', ' -344', ' 1750', ' 1001', ' 39', ' -71', ' -245', ' -21']",release2finger,False
15:44:12.545052,"['-1556', ' 3', ' 1350', ' -184', ' -110', ' 15', ' -1742', ' -1082', ' -278']","[' -130', ' 72', ' -326', ' 1783', ' 994', ' 53', ' -28', ' -264', ' -53']",release2finger,False
15:44:12.549041,"['-1550', ' -16', ' 1327', ' -184', ' -110', ' 15', ' -1734', ' -1078', ' -270']","[' -103', ' 67', ' -312', ' 1800', ' 1006', ' 70', ' -4', ' -235', ' -62']",release2finger,False
15:44:12.553030,"['-1586', ' -23', ' 1349', ' -184', ' -110', ' 15', ' -1721', ' -1072', ' -282']","[' -91', ' 55', ' -304', ' 1779', ' 1007', ' 20', ' -3', ' -212', ' -59']",release2finger,False
15:44:12.557021,"['-1538', ' -34', ' 1383', ' -158', ' -221', ' -1', ' -1740', ' -1081', ' -279']","[' -71', ' 45', ' -285', ' 1757', ' 1036', ' 1', ' 11', ' -215', ' -74']",release2finger,False
15:44:12.561009,"['-1536', ' -19', ' 1365', ' -158', ' -221', ' -1', ' -1736', ' -1090', ' -289']","[' -50', ' 44', ' -269', ' 1739', ' 1043', ' -3', ' 7', ' -203', ' -87']",release2finger,False
15:44:12.564999,"['-1557', ' 14', ' 1330', ' -158', ' -221', ' -1', ' -1738', ' -1084', ' -313']","[' -43', ' 46', ' -267', ' 1744', ' 1027', ' -21', ' -11', ' -201', ' -93']",release2finger,False
15:44:12.568988,"['-1569', ' 25', ' 1345', ' -158', ' -221', ' -1', ' -1711', ' -1075', ' -300']","[' -37', ' 40', ' -254', ' 1757', ' 1037', ' -3', ' 3', ' -209', ' -97']",release2finger,False
15:44:12.572981,"['-1595', ' 0', ' 1343', ' -158', ' -221', ' -1', ' -1714', ' -1105', ' -285']","[' -27', ' 47', ' -252', ' 1751', ' 1039', ' -6', ' 7', ' -193', ' -101']",release2finger,False
15:44:12.576970,"['-1590', ' 19', ' 1307', ' -158', ' -221', ' -1', ' -1704', ' -1076', ' -299']","[' -13', ' 48', ' -247', ' 1740', ' 1010', ' -10', ' 4', ' -199', ' -107']",release2finger,False
15:44:12.580959,"['-1636', ' 35', ' 1323', ' -158', ' -221', ' -1', ' -1706', ' -1069', ' -327']","[' -8', ' 46', ' -241', ' 1753', ' 1032', ' -15', ' 7', ' -173', ' -98']",release2finger,False
15:44:12.584949,"['-1493', ' 43', ' 1293', ' -158', ' -221', ' -1', ' -1667', ' -1060', ' -320']","[' -9', ' 50', ' -238', ' 1706', ' 1057', ' -17', ' -14', ' -203', ' -96']",release2finger,False
15:44:12.588449,"['-1558', ' 25', ' 1273', ' -158', ' -221', ' -1', ' -1708', ' -1064', ' -340']","[' -20', ' 72', ' -248', ' 1645', ' 1039', ' -19', ' 0', ' -216', ' -112']",release2finger,False
15:44:12.592438,"['-1579', ' 87', ' 1274', ' -158', ' -221', ' -1', ' -1680', ' -1067', ' -328']","[' -19', ' 72', ' -235', ' 1698', ' 1083', ' -31', ' -21', ' -218', ' -115']",release2finger,False
15:44:12.596427,"['-1635', ' 2', ' 1234', ' -158', ' -335', ' -7', ' -1693', ' -1035', ' -355']","[' -26', ' 93', ' -228', ' 1795', ' 1050', ' -67', ' -1', ' -207', ' -82']",release2finger,False
15:44:12.600421,"['-1541', ' 81', ' 1304', ' -158', ' -335', ' -7', ' -1733', ' -1065', ' -343']","[' -50', ' 72', ' -235', ' 1768', ' 1068', ' -78', ' -32', ' -197', ' -83']",release2finger,False
15:44:12.604406,"['-1644', ' -81', ' 1305', ' -158', ' -335', ' -7', ' -1706', ' -1100', ' -333']","[' -57', ' 74', ' -224', ' 1828', ' 1045', ' -108', ' -12', ' -121', ' -47']",release2finger,False
15:44:12.608400,"['-1575', ' -25', ' 1384', ' -158', ' -335', ' -7', ' -1725', ' -1152', ' -345']","[' -41', ' 42', ' -227', ' 1860', ' 1084', ' -47', ' -51', ' -97', ' -44']",release2finger,False
15:44:12.612384,"['-1466', ' 4', ' 1392', ' -158', ' -335', ' -7', ' -1677', ' -1100', ' -355']","[' -44', ' 31', ' -213', ' 1672', ' 1024', ' 9', ' -115', ' -145', ' -75']",release2finger,False
15:44:12.616373,"['-1523', ' -15', ' 1374', ' -158', ' -335', ' -7', ' -1689', ' -1103', ' -327']","[' -72', ' 58', ' -201', ' 1642', ' 965', ' 29', ' -77', ' -241', ' -144']",release2finger,False
15:44:12.620364,"['-1585', ' -7', ' 1288', ' -158', ' -335', ' -7', ' -1652', ' -1093', ' -305']","[' -72', ' 72', ' -198', ' 1795', ' 989', ' 64', ' 1', ' -256', ' -165']",release2finger,False
15:44:12.624352,"['-1615', ' 70', ' 1263', ' -158', ' -335', ' -7', ' -1732', ' -1101', ' -299']","[' -79', ' 105', ' -182', ' 1782', ' 1022', ' 32', ' 45', ' -194', ' -138']",release2finger,False
15:44:12.628341,"['-1514', ' 134', ' 1316', ' -158', ' -335', ' -7', ' -1729', ' -1058', ' -352']","[' -94', ' 83', ' -206', ' 1795', ' 1024', ' -14', ' 6', ' -196', ' -147']",release2finger,False
15:44:12.631334,"['-1655', ' 42', ' 1320', ' -158', ' -335', ' -7', ' -1714', ' -1077', ' -310']","[' -104', ' 77', ' -224', ' 1824', ' 1056', ' -56', ' 9', ' -167', ' -150']",release2finger,False
15:44:12.635328,"['-1750', ' 7', ' 1323', ' -121', ' -340', ' -4', ' -1760', ' -1098', ' -319']","[' -101', ' 46', ' -233', ' 1790', ' 1025', ' -39', ' 30', ' -155', ' -181']",release2finger,False
15:44:12.639317,"['-1668', ' 18', ' 1332', ' -121', ' -340', ' -4', ' -1729', ' -1124', ' -321']","[' -86', ' 37', ' -219', ' 1795', ' 1058', ' -44', ' 29', ' -96', ' -151']",release2finger,False
15:44:12.643306,"['-1572', ' 35', ' 1368', ' -121', ' -340', ' -4', ' -1741', ' -1137', ' -349']","[' -88', ' 14', ' -217', ' 1709', ' 1076', ' -62', ' 16', ' -137', ' -183']",release2finger,False
15:44:12.647295,"['-1603', ' 20', ' 1354', ' -121', ' -340', ' -4', ' -1709', ' -1104', ' -326']","[' -82', ' 8', ' -222', ' 1748', ' 1037', ' -56', ' -14', ' -161', ' -182']",release2finger,False
15:44:12.651280,"['-1633', ' -16', ' 1347', ' -121', ' -340', ' -4', ' -1723', ' -1120', ' -337']","[' -79', ' 21', ' -232', ' 1665', ' 1028', ' -55', ' 6', ' -150', ' -176']",release2finger,False
15:44:12.655270,"['-1590', ' -4', ' 1387', ' -121', ' -340', ' -4', ' -1731', ' -1092', ' -361']","[' -67', ' 23', ' -235', ' 1728', ' 1029', ' -29', ' 5', ' -177', ' -183']",release2finger,False
15:44:12.659264,"['-1690', ' -20', ' 1373', ' -121', ' -340', ' -4', ' -1751', ' -1103', ' -335']","[' -80', ' 29', ' -245', ' 1758', ' 1068', ' -31', ' 10', ' -175', ' -177']",release2finger,False
15:44:12.663253,"['-1757', ' 3', ' 1372', ' -121', ' -340', ' -4', ' -1773', ' -1130', ' -318']","[' -64', ' -6', ' -268', ' 1800', ' 1063', ' -70', ' -13', ' -150', ' -158']",release2finger,False
15:44:13.405854,"['-21', ' 298', ' 2055', ' -166', ' 18', ' 150', ' -297', ' -2057', ' -62']","[' -93', ' -32', ' -3', ' 858', ' 1334', ' -1221', ' -22', ' 62', ' 78']",release2finger,False
15:44:13.407809,"['17', ' 288', ' 2077', ' -166', ' 18', ' 150', ' -298', ' -2050', ' -98']","[' -83', ' -36', ' 12', ' 826', ' 1342', ' -1219', ' -45', ' 64', ' 99']",release2finger,False
15:44:13.411799,"['3', ' 315', ' 2048', ' -166', ' 18', ' 150', ' -266', ' -2025', ' -84']","[' -85', ' -18', ' -7', ' 796', ' 1327', ' -1211', ' -58', ' 77', ' 117']",release2finger,False
15:44:13.415822,"['14', ' 330', ' 2034', ' -166', ' 18', ' 150', ' -278', ' -2024', ' -94']","[' -94', ' -10', ' -27', ' 816', ' 1308', ' -1193', ' -70', ' 58', ' 123']",release2finger,False
15:44:13.418819,"['22', ' 342', ' 1987', ' -166', ' 18', ' 150', ' -296', ' -2030', ' -90']","[' -95', ' -9', ' -17', ' 842', ' 1292', ' -1142', ' -57', ' 31', ' 127']",release2finger,False
15:44:13.422812,"['12', ' 338', ' 2031', ' -166', ' 18', ' 150', ' -261', ' -2034', ' -67']","[' -106', ' -4', ' -26', ' 879', ' 1301', ' -1152', ' -45', ' 4', ' 116']",release2finger,False
15:44:13.426798,"['-10', ' 325', ' 2024', ' -166', ' 18', ' 150', ' -295', ' -2060', ' -52']","[' -106', ' 11', ' -40', ' 863', ' 1293', ' -1167', ' -29', ' 11', ' 104']",release2finger,False
15:44:13.430751,"['-26', ' 254', ' 2098', ' -166', ' 18', ' 150', ' -287', ' -2036', ' -92']","[' -111', ' 11', ' -51', ' 878', ' 1325', ' -1190', ' -43', ' 12', ' 122']",release2finger,False
15:44:13.434741,"['2', ' 233', ' 2129', ' -166', ' 18', ' 150', ' -284', ' -2052', ' -85']","[' -109', ' 2', ' -45', ' 895', ' 1310', ' -1188', ' -57', ' 26', ' 130']",release2finger,False
15:44:13.438731,"['47', ' 135', ' 2067', ' -180', ' 59', ' 54', ' -324', ' -2074', ' -93']","[' -103', ' 11', ' -42', ' 923', ' 1290', ' -1161', ' -39', ' 19', ' 121']",release2finger,False
15:44:13.442715,"['-28', ' 260', ' 2113', ' -180', ' 59', ' 54', ' -347', ' -2041', ' -97']","[' -97', ' -11', ' -37', ' 979', ' 1289', ' -1180', ' -47', ' 19', ' 113']",release2finger,False
15:44:13.446704,"['-21', ' 233', ' 2067', ' -180', ' 59', ' 54', ' -367', ' -2030', ' -107']","[' -99', ' -19', ' -35', ' 985', ' 1307', ' -1206', ' -18', ' 20', ' 110']",release2finger,False
15:44:13.450693,"['0', ' 270', ' 2036', ' -180', ' 59', ' 54', ' -298', ' -2021', ' -95']","[' -103', ' -27', ' -32', ' 928', ' 1328', ' -1176', ' -36', ' 54', ' 116']",release2finger,False
15:44:13.453690,"['24', ' 289', ' 2060', ' -180', ' 59', ' 54', ' -320', ' -2031', ' -85']","[' -111', ' -19', ' -34', ' 845', ' 1294', ' -1173', ' -50', ' 48', ' 133']",release2finger,False
15:44:13.458672,"['38', ' 285', ' 2044', ' -180', ' 59', ' 54', ' -300', ' -2039', ' -90']","[' -108', ' -16', ' -35', ' 867', ' 1300', ' -1126', ' -41', ' 28', ' 121']",release2finger,False
15:44:13.461669,"['-8', ' 278', ' 2052', ' -180', ' 59', ' 54', ' -295', ' -2057', ' -80']","[' -102', ' -7', ' -35', ' 937', ' 1254', ' -1097', ' -10', ' 20', ' 116']",release2finger,False
15:44:13.465658,"['-47', ' 298', ' 2034', ' -180', ' 59', ' 54', ' -301', ' -2058', ' -108']","[' -111', ' 1', ' -38', ' 975', ' 1259', ' -1102', ' 20', ' 18', ' 93']",release2finger,False
15:44:13.469648,"['-36', ' 307', ' 2059', ' -180', ' 59', ' 54', ' -304', ' -2032', ' -88']","[' -107', ' 2', ' -49', ' 933', ' 1299', ' -1125', ' 39', ' 16', ' 69']",release2finger,False
15:44:13.473637,"['-47', ' 277', ' 2033', ' -180', ' 59', ' 54', ' -307', ' -2055', ' -92']","[' -98', ' 0', ' -49', ' 914', ' 1307', ' -1134', ' 33', ' -16', ' 40']",release2finger,False
15:44:13.477635,"['-41', ' 222', ' 2106', ' -180', ' 59', ' 54', ' -315', ' -2047', ' -90']","[' -93', ' 11', ' -53', ' 928', ' 1280', ' -1153', ' 43', ' -13', ' 45']",release2finger,False
15:44:13.481618,"['-42', ' 214', ' 2118', ' -185', ' 39', ' 18', ' -322', ' -2054', ' -92']","[' -92', ' 2', ' -57', ' 954', ' 1289', ' -1133', ' 72', ' -14', ' 17']",release2finger,False
15:44:13.485632,"['-121', ' 248', ' 2052', ' -185', ' 39', ' 18', ' -298', ' -2068', ' -80']","[' -88', ' 5', ' -66', ' 927', ' 1298', ' -1138', ' 70', ' -17', ' 8']",release2finger,False
15:44:13.489143,"['-105', ' 281', ' 2021', ' -185', ' 39', ' 18', ' -298', ' -2071', ' -97']","[' -91', ' 19', ' -72', ' 953', ' 1310', ' -1175', ' 88', ' -23', ' -5']",release2finger,False
15:44:13.493141,"['-4', ' 233', ' 2067', ' -185', ' 39', ' 18', ' -321', ' -2047', ' -106']","[' -85', ' 6', ' -66', ' 946', ' 1331', ' -1174', ' 77', ' 6', ' -11']",release2finger,False
15:44:13.497131,"['21', ' 200', ' 2086', ' -185', ' 39', ' 18', ' -334', ' -2024', ' -114']","[' -82', ' 6', ' -69', ' 940', ' 1302', ' -1182', ' 69', ' -6', ' -11']",release2finger,False
15:44:13.501120,"['10', ' 169', ' 2136', ' -185', ' 39', ' 18', ' -312', ' -2041', ' -114']","[' -67', ' -13', ' -58', ' 951', ' 1302', ' -1188', ' 72', ' 12', ' -11']",release2finger,False
15:44:13.505104,"['-6', ' 161', ' 2140', ' -185', ' 39', ' 18', ' -310', ' -2079', ' -98']","[' -67', ' 0', ' -48', ' 953', ' 1312', ' -1175', ' 71', ' -14', ' -32']",release2finger,False
15:44:13.509094,"['-21', ' 189', ' 2125', ' -185', ' 39', ' 18', ' -282', ' -2063', ' -124']","[' -49', ' -10', ' -35', ' 1003', ' 1323', ' -1201', ' 74', ' 2', ' -33']",release2finger,False
15:44:13.513083,"['-4', ' 218', ' 2112', ' -185', ' 39', ' 18', ' -292', ' -2036', ' -104']","[' -54', ' -8', ' -28', ' 948', ' 1332', ' -1205', ' 52', ' 49', ' -14']",release2finger,False
15:44:13.517072,"['45', ' 246', ' 2072', ' -185', ' 39', ' 18', ' -298', ' -2026', ' -122']","[' -54', ' -6', ' -19', ' 919', ' 1335', ' -1224', ' 53', ' 51', ' -21']",release2finger,False
15:44:13.520070,"['40', ' 277', ' 2034', ' -193', ' 34', ' 15', ' -322', ' -2046', ' -97']","[' -55', ' -2', ' -6', ' 882', ' 1322', ' -1233', ' 39', ' 36', ' -14']",release2finger,False
15:44:13.524059,"['29', ' 309', ' 2016', ' -193', ' 34', ' 15', ' -304', ' -2034', ' -120']","[' -70', ' -6', ' -8', ' 901', ' 1338', ' -1233', ' 31', ' 38', ' 0']",release2finger,False
15:44:13.528048,"['-5', ' 281', ' 2038', ' -193', ' 34', ' 15', ' -302', ' -2035', ' -92']","[' -74', ' -6', ' -7', ' 903', ' 1313', ' -1210', ' 0', ' 38', ' 2']",release2finger,False
15:44:13.532037,"['-59', ' 261', ' 2054', ' -193', ' 34', ' 15', ' -300', ' -2049', ' -100']","[' -74', ' -2', ' -10', ' 904', ' 1304', ' -1163', ' 12', ' 21', ' 16']",release2finger,False
15:44:13.536027,"['-86', ' 226', ' 2089', ' -193', ' 34', ' 15', ' -305', ' -2065', ' -87']","[' -73', ' 15', ' -22', ' 903', ' 1273', ' -1143', ' 23', ' 22', ' 13']",release2finger,False
15:44:13.540017,"['-98', ' 201', ' 2095', ' -193', ' 34', ' 15', ' -342', ' -2060', ' -76']","[' -62', ' 5', ' -33', ' 887', ' 1331', ' -1202', ' 29', ' 11', ' 21']",release2finger,False
15:44:13.544000,"['-113', ' 213', ' 2113', ' -193', ' 34', ' 15', ' -332', ' -2031', ' -114']","[' -54', ' -12', ' -40', ' 841', ' 1349', ' -1266', ' 2', ' 15', ' 19']",release2finger,False
15:44:13.547990,"['-78', ' 228', ' 2048', ' -193', ' 34', ' 15', ' -306', ' -2031', ' -122']","[' -60', ' -4', ' -59', ' 878', ' 1308', ' -1213', ' -17', ' -16', ' 40']",release2finger,False
15:44:13.551979,"['-72', ' 248', ' 2026', ' -193', ' 34', ' 15', ' -332', ' -2032', ' -126']","[' -57', ' -15', ' -57', ' 904', ' 1281', ' -1159', ' -19', ' -28', ' 31']",release2finger,False
15:44:13.555969,"['-23', ' 251', ' 2036', ' -193', ' 34', ' 15', ' -323', ' -2065', ' -95']","[' -49', ' -6', ' -74', ' 895', ' 1284', ' -1172', ' -21', ' -42', ' 29']",release2finger,False
15:44:13.559958,"['-16', ' 211', ' 2091', ' -196', ' 24', ' 14', ' -292', ' -2037', ' -95']","[' -59', ' -7', ' -88', ' 907', ' 1315', ' -1174', ' -16', ' -31', ' 44']",release2finger,False
15:44:13.562954,"['-24', ' 207', ' 2095', ' -196', ' 24', ' 14', ' -285', ' -2066', ' -88']","[' -44', ' -4', ' -91', ' 891', ' 1315', ' -1190', ' -43', ' -32', ' 35']",release2finger,False
15:44:13.566944,"['-56', ' 199', ' 2071', ' -196', ' 24', ' 14', ' -344', ' -2017', ' -107']","[' -44', ' -8', ' -94', ' 941', ' 1298', ' -1186', ' -36', ' -45', ' 39']",release2finger,False
15:44:13.570934,"['-28', ' 210', ' 2058', ' -196', ' 24', ' 14', ' -331', ' -2039', ' -111']","[' -49', ' -23', ' -99', ' 986', ' 1303', ' -1146', ' -27', ' -15', ' 46']",release2finger,False
15:44:13.574924,"['-36', ' 221', ' 2049', ' -196', ' 24', ' 14', ' -320', ' -2058', ' -110']","[' -64', ' -23', ' -96', ' 984', ' 1284', ' -1140', ' -27', ' -41', ' 15']",release2finger,False
15:44:13.578933,"['1', ' 212', ' 2073', ' -196', ' 24', ' 14', ' -271', ' -2058', ' -96']","[' -51', ' -26', ' -87', ' 994', ' 1281', ' -1130', ' -6', ' -22', ' 0']",release2finger,False
15:44:13.582969,"['-31', ' 188', ' 2038', ' -196', ' 24', ' 14', ' -336', ' -2035', ' -117']","[' -53', ' -35', ' -91', ' 944', ' 1274', ' -1172', ' 3', ' -5', ' 14']",release2finger,False
15:44:13.586953,"['-5', ' 210', ' 2069', ' -196', ' 24', ' 14', ' -320', ' -2037', ' -90']","[' -42', ' -61', ' -83', ' 934', ' 1322', ' -1210', ' 0', ' -8', ' 18']",release2finger,False
15:44:13.590469,"['-1', ' 209', ' 2075', ' -196', ' 24', ' 14', ' -291', ' -2077', ' -92']","[' -45', ' -64', ' -78', ' 896', ' 1330', ' -1197', ' -7', ' -9', ' 8']",release2finger,False
15:44:13.594458,"['3', ' 196', ' 2074', ' -196', ' 24', ' 14', ' -310', ' -2043', ' -104']","[' -49', ' -54', ' -90', ' 912', ' 1322', ' -1190', ' -12', ' -20', ' 25']",release2finger,False
15:44:13.598448,"['-14', ' 240', ' 2053', ' -182', ' 7', ' 21', ' -240', ' -2053', ' -104']","[' -44', ' -57', ' -74', ' 860', ' 1299', ' -1168', ' -24', ' 12', ' 58']",release2finger,False
15:44:13.602437,"['-22', ' 180', ' 2073', ' -182', ' 7', ' 21', ' -286', ' -2048', ' -118']","[' -44', ' -34', ' -90', ' 893', ' 1279', ' -1160', ' -13', ' -40', ' 27']",release2finger,False
15:44:13.606427,"['-14', ' 169', ' 2107', ' -182', ' 7', ' 21', ' -310', ' -2065', ' -121']","[' -38', ' -39', ' -104', ' 919', ' 1289', ' -1157', ' -14', ' -59', ' 26']",release2finger,False
15:44:13.610416,"['-58', ' 163', ' 2106', ' -182', ' 7', ' 21', ' -318', ' -2058', ' -101']","[' -32', ' -46', ' -97', ' 957', ' 1292', ' -1157', ' -6', ' -55', ' 7']",release2finger,False
15:44:13.614400,"['-72', ' 189', ' 2092', ' -182', ' 7', ' 21', ' -331', ' -2045', ' -134']","[' -23', ' -58', ' -105', ' 960', ' 1314', ' -1191', ' -7', ' -60', ' -11']",release2finger,False
15:44:13.618389,"['-85', ' 189', ' 2069', ' -182', ' 7', ' 21', ' -331', ' -2057', ' -105']","[' -29', ' -47', ' -105', ' 977', ' 1308', ' -1210', ' -20', ' -55', ' -6']",release2finger,False
15:44:13.622379,"['-71', ' 210', ' 2072', ' -182', ' 7', ' 21', ' -354', ' -2041', ' -105']","[' -26', ' -68', ' -106', ' 999', ' 1308', ' -1206', ' -29', ' -25', ' 1']",release2finger,False
15:44:13.626368,"['-49', ' 225', ' 2035', ' -182', ' 7', ' 21', ' -363', ' -2041', ' -121']","[' -38', ' -89', ' -120', ' 971', ' 1331', ' -1208', ' -45', ' -9', ' 8']",release2finger,False
15:44:13.629365,"['-50', ' 241', ' 2003', ' -182', ' 7', ' 21', ' -329', ' -2052', ' -106']","[' -39', ' -115', ' -115', ' 933', ' 1316', ' -1237', ' -53', ' 18', ' 36']",release2finger,False
15:44:13.633350,"['-24', ' 237', ' 2008', ' -182', ' 7', ' 21', ' -332', ' -2026', ' -104']","[' -42', ' -122', ' -102', ' 931', ' 1313', ' -1194', ' -61', ' -4', ' 21']",release2finger,False
15:44:13.637339,"['-5', ' 241', ' 2016', ' -182', ' 7', ' 21', ' -298', ' -2020', ' -96']","[' -50', ' -127', ' -111', ' 937', ' 1309', ' -1177', ' -75', ' 2', ' 28']",release2finger,False
15:44:13.641333,"['1', ' 169', ' 2066', ' -183', ' -11', ' 35', ' -311', ' -2031', ' -123']","[' -54', ' -128', ' -114', ' 924', ' 1295', ' -1183', ' -86', ' -1', ' 29']",release2finger,False
15:44:13.645322,"['-22', ' 195', ' 2069', ' -183', ' -11', ' 35', ' -304', ' -2026', ' -104']","[' -60', ' -132', ' -113', ' 832', ' 1316', ' -1206', ' -67', ' -3', ' 34']",release2finger,False
15:44:13.649311,"['-49', ' 208', ' 2012', ' -183', ' -11', ' 35', ' -295', ' -2020', ' -117']","[' -64', ' -141', ' -113', ' 859', ' 1356', ' -1261', ' -87', ' -21', ' 48']",release2finger,False
15:44:13.653299,"['-22', ' 203', ' 1989', ' -183', ' -11', ' 35', ' -284', ' -2026', ' -116']","[' -66', ' -149', ' -109', ' 855', ' 1354', ' -1261', ' -109', ' -30', ' 61']",release2finger,False
15:44:13.657286,"['1', ' 210', ' 2040', ' -183', ' -11', ' 35', ' -285', ' -2029', ' -125']","[' -78', ' -153', ' -111', ' 914', ' 1360', ' -1240', ' -139', ' -46', ' 75']",release2finger,False
15:44:13.661275,"['27', ' 108', ' 2071', ' -183', ' -11', ' 35', ' -271', ' -2071', ' -133']","[' -74', ' -148', ' -115', ' 909', ' 1329', ' -1194', ' -152', ' 3', ' 117']",release2finger,False
15:44:13.665265,"['39', ' 82', ' 2132', ' -183', ' -11', ' 35', ' -295', ' -2066', ' -134']","[' -64', ' -143', ' -110', ' 941', ' 1312', ' -1173', ' -163', ' 6', ' 109']",release2finger,False
15:44:13.669254,"['-9', ' 111', ' 2129', ' -183', ' -11', ' 35', ' -293', ' -2078', ' -121']","[' -59', ' -151', ' -105', ' 919', ' 1331', ' -1171', ' -173', ' -7', ' 96']",release2finger,False
15:44:13.673244,"['-20', ' 129', ' 2073', ' -183', ' -11', ' 35', ' -283', ' -2050', ' -129']","[' -49', ' -138', ' -91', ' 969', ' 1296', ' -1229', ' -183', ' -27', ' 100']",release2finger,False
15:44:13.677236,"['-42', ' 178', ' 2015', ' -183', ' -11', ' 35', ' -304', ' -2070', ' -111']","[' -46', ' -162', ' -85', ' 933', ' 1347', ' -1220', ' -172', ' -3', ' 102']",release2finger,False
15:44:13.681224,"['-29', ' 215', ' 1964', ' -224', ' -16', ' 62', ' -306', ' -2045', ' -125']","[' -31', ' -160', ' -92', ' 946', ' 1330', ' -1228', ' -198', ' 34', ' 124']",release2finger,False
15:44:13.685215,"['1', ' 244', ' 1960', ' -224', ' -16', ' 62', ' -306', ' -2044', ' -116']","[' -40', ' -170', ' -97', ' 912', ' 1318', ' -1220', ' -213', ' 10', ' 127']",release2finger,False
15:44:13.688207,"['-18', ' 234', ' 1934', ' -224', ' -16', ' 62', ' -284', ' -2028', ' -110']","[' -54', ' -177', ' -104', ' 911', ' 1327', ' -1214', ' -246', ' -5', ' 129']",release2finger,False
15:44:13.692708,"['-72', ' 172', ' 1950', ' -224', ' -16', ' 62', ' -319', ' -2027', ' -128']","[' -51', ' -173', ' -124', ' 879', ' 1316', ' -1193', ' -242', ' 21', ' 132']",release2finger,False
15:44:13.696699,"['-107', ' 167', ' 1998', ' -224', ' -16', ' 62', ' -288', ' -2069', ' -101']","[' -51', ' -165', ' -147', ' 879', ' 1309', ' -1179', ' -241', ' -13', ' 125']",release2finger,False
15:44:13.700688,"['-112', ' 165', ' 2003', ' -224', ' -16', ' 62', ' -273', ' -2079', ' -114']","[' -43', ' -164', ' -165', ' 891', ' 1331', ' -1162', ' -254', ' -39', ' 108']",release2finger,False
15:44:13.704677,"['-78', ' 182', ' 1999', ' -224', ' -16', ' 62', ' -293', ' -2061', ' -104']","[' -49', ' -159', ' -177', ' 886', ' 1342', ' -1168', ' -246', ' -51', ' 114']",release2finger,False
15:44:13.708667,"['-67', ' 235', ' 1929', ' -224', ' -16', ' 62', ' -324', ' -2033', ' -106']","[' -33', ' -165', ' -190', ' 922', ' 1340', ' -1219', ' -285', ' -80', ' 120']",release2finger,False
15:44:13.712655,"['-36', ' 288', ' 1836', ' -224', ' -16', ' 62', ' -343', ' -2018', ' -121']","[' -32', ' -187', ' -218', ' 893', ' 1362', ' -1230', ' -282', ' -65', ' 128']",release2finger,False
15:44:13.716645,"['34', ' 418', ' 1735', ' -224', ' -16', ' 62', ' -329', ' -1988', ' -132']","[' -48', ' -200', ' -214', ' 946', ' 1360', ' -1229', ' -319', ' -69', ' 144']",release2finger,False
15:44:13.720634,"['-5', ' 364', ' 1684', ' -335', ' -2', ' 98', ' -331', ' -2027', ' -129']","[' -60', ' -193', ' -216', ' 949', ' 1346', ' -1235', ' -354', ' -62', ' 144']",release2finger,False
15:44:13.724623,"['15', ' 280', ' 1738', ' -335', ' -2', ' 98', ' -342', ' -2067', ' -90']","[' -54', ' -218', ' -222', ' 928', ' 1345', ' -1261', ' -365', ' -38', ' 159']",release2finger,False
15:44:13.728612,"['6', ' 204', ' 1812', ' -335', ' -2', ' 98', ' -351', ' -2078', ' -97']","[' -57', ' -243', ' -233', ' 899', ' 1396', ' -1237', ' -398', ' -62', ' 168']",release2finger,False
15:44:13.731609,"['-253', ' 132', ' 1805', ' -335', ' -2', ' 98', ' -364', ' -2051', ' -117']","[' -63', ' -273', ' -281', ' 879', ' 1370', ' -1266', ' -409', ' -25', ' 197']",release2finger,False
15:44:13.735599,"['-75', ' 111', ' 1935', ' -335', ' -2', ' 98', ' -233', ' -1968', ' -89']","[' -55', ' -303', ' -293', ' 815', ' 1373', ' -1235', ' -429', ' -56', ' 221']",release2finger,False
15:44:13.739588,"['-77', ' 37', ' 2039', ' -335', ' -2', ' 98', ' -210', ' -1967', ' -101']","[' -52', ' -280', ' -295', ' 839', ' 1402', ' -1158', ' -482', ' -58', ' 232']",release2finger,False
15:44:13.743577,"['-25', ' -83', ' 2143', ' -335', ' -2', ' 98', ' -130', ' -2172', ' -54']","[' -98', ' -250', ' -270', ' 843', ' 1258', ' -1134', ' -539', ' -151', ' 198']",release2finger,False
15:44:13.747566,"['-211', ' -130', ' 2184', ' -335', ' -2', ' 98', ' -71', ' -2189', ' -71']","[' -63', ' -234', ' -242', ' 956', ' 1406', ' -1139', ' -494', ' -74', ' 256']",release2finger,False
15:44:13.751556,"['-173', ' -315', ' 2344', ' -335', ' -2', ' 98', ' -169', ' -2163', ' -73']","[' -26', ' -193', ' -275', ' 702', ' 1376', ' -1157', ' -510', ' -90', ' 238']",release2finger,False
15:44:13.755545,"['-136', ' -311', ' 2428', ' -335', ' -2', ' 98', ' -183', ' -2019', ' -145']","[' 14', ' -220', ' -266', ' 873', ' 1359', ' -1188', ' -521', ' -133', ' 248']",release2finger,False
15:44:13.759534,"['1', ' -386', ' 2435', ' -626', ' -1', ' 124', ' -168', ' -2077', ' -152']","[' 65', ' -203', ' -284', ' 962', ' 1422', ' -1257', ' -526', ' -103', ' 278']",release2finger,False
15:44:13.763524,"['-80', ' -392', ' 2353', ' -626', ' -1', ' 124', ' -217', ' -2282', ' -95']","[' 70', ' -192', ' -256', ' 924', ' 2308', ' -812', ' -546', ' 230', ' 340']",release2finger,False
15:44:13.767514,"['-185', ' -206', ' 2334', ' -626', ' -1', ' 124', ' -383', ' -1970', ' -161']","[' 94', ' -260', ' -299', ' 1697', ' 1215', ' -1509', ' -657', ' -13', ' 478']",release2finger,False
15:44:13.771503,"['-219', ' -173', ' 2094', ' -626', ' -1', ' 124', ' -371', ' -2142', ' -130']","[' 98', ' -241', ' -246', ' 1281', ' 1276', ' -1134', ' -483', ' 239', ' 335']",release2finger,False
15:44:13.775570,"['-79', ' -121', ' 2000', ' -626', ' -1', ' 124', ' -331', ' -2118', ' -127']","[' 120', ' -240', ' -225', ' 1269', ' 1323', ' -1111', ' -597', ' -172', ' 34']",release2finger,False
15:44:13.779418,"['58', ' -101', ' 1953', ' -626', ' -1', ' 124', ' -243', ' -2100', ' -134']","[' 128', ' -312', ' -216', ' 1204', ' 1197', ' -1055', ' -550', ' -70', ' 5']",release2finger,False
15:44:13.783392,"['-36', ' -65', ' 2006', ' -626', ' -1', ' 124', ' -243', ' -2038', ' -117']","[' 145', ' -295', ' -210', ' 1327', ' 1363', ' -1028', ' -553', ' 193', ' 155']",release2finger,False
15:44:13.787382,"['-93', ' -79', ' 1947', ' -626', ' -1', ' 124', ' -218', ' -2065', ' -69']","[' 125', ' -265', ' -211', ' 858', ' 1260', ' -1077', ' -479', ' 123', ' 61']",release2finger,False
15:44:13.790889,"['-10', ' -68', ' 1884', ' -626', ' -1', ' 124', ' -288', ' -2093', ' -62']","[' 128', ' -263', ' -206', ' 889', ' 1455', ' -1093', ' -496', ' 7', ' 21']",release2finger,False
15:44:13.794878,"['-67', ' 96', ' 1818', ' -626', ' -1', ' 124', ' -305', ' -2128', ' -74']","[' 167', ' -297', ' -233', ' 620', ' 1247', ' -1206', ' -579', ' -39', ' 29']",release2finger,False
15:44:13.798868,"['207', ' 76', ' 1824', ' -626', ' -1', ' 124', ' -175', ' -1815', ' -151']","[' 150', ' -309', ' -269', ' 824', ' 1300', ' -1083', ' -568', ' -26', ' 88']",release2finger,False
15:44:13.802857,"['145', ' 280', ' 1871', ' -1040', ' -71', ' 137', ' -85', ' -2097', ' -46']","[' 132', ' -244', ' -260', ' 935', ' 1448', ' -1044', ' -558', ' -85', ' 98']",release2finger,False
15:44:13.806842,"['22', ' -23', ' 1826', ' -1040', ' -71', ' 137', ' -229', ' -2028', ' -67']","[' 128', ' -228', ' -259', ' 897', ' 1373', ' -1011', ' -457', ' -63', ' 52']",release2finger,False
15:44:13.810839,"['14', ' -176', ' 1907', ' -1040', ' -71', ' 137', ' -261', ' -2108', ' -39']","[' 111', ' -246', ' -281', ' 1123', ' 1458', ' -1027', ' -579', ' -66', ' 103']",release2finger,False
15:44:13.814820,"['119', ' -71', ' 1905', ' -1040', ' -71', ' 137', ' -172', ' -2074', ' -25']","[' 89', ' -252', ' -272', ' 892', ' 1189', ' -1057', ' -603', ' -76', ' 86']",release2finger,False
15:44:13.818098,"['160', ' -99', ' 1905', ' -1040', ' -71', ' 137', ' -199', ' -2108', ' -16']","[' 72', ' -204', ' -282', ' 946', ' 1257', ' -1024', ' -495', ' -98', ' 85']",release2finger,False
15:44:13.822043,"['173', ' -46', ' 1831', ' -1040', ' -71', ' 137', ' -226', ' -2000', ' -29']","[' 59', ' -247', ' -279', ' 990', ' 1322', ' -924', ' -429', ' 20', ' 134']",release2finger,False
15:44:13.826071,"['231', ' -88', ' 1921', ' -1040', ' -71', ' 137', ' -176', ' -1999', ' -10']","[' 38', ' -244', ' -293', ' 910', ' 1297', ' -955', ' -464', ' -20', ' 83']",release2finger,False
15:44:13.830022,"['161', ' -171', ' 2100', ' -1040', ' -71', ' 137', ' -130', ' -2006', ' 23']","[' 12', ' -224', ' -274', ' 1039', ' 1281', ' -879', ' -426', ' -103', ' 61']",release2finger,False
15:44:13.834012,"['145', ' -381', ' 2185', ' -1040', ' -71', ' 137', ' -95', ' -2006', ' 23']","[' -18', ' -206', ' -262', ' 928', ' 1343', ' -903', ' -367', ' -19', ' 78']",release2finger,False
15:44:13.838000,"['21', ' -407', ' 2292', ' -1040', ' -71', ' 137', ' -158', ' -2070', ' -14']","[' 12', ' -202', ' -251', ' 921', ' 1265', ' -914', ' -330', ' -24', ' 96']",release2finger,False
15:44:13.841992,"['172', ' -483', ' 2295', ' -1304', ' -209', ' 130', ' -97', ' -1954', ' -7']","[' -38', ' -209', ' -237', ' 879', ' 1348', ' -930', ' -230', ' -26', ' 111']",release2finger,False
15:44:13.845979,"['93', ' -371', ' 2230', ' -1304', ' -209', ' 130', ' -40', ' -1984', ' -7']","[' -30', ' -218', ' -213', ' 888', ' 1456', ' -1016', ' -288', ' 2', ' 114']",release2finger,False
15:44:13.849968,"['190', ' -384', ' 2131', ' -1304', ' -209', ' 130', ' -234', ' -2061', ' -32']","[' -33', ' -165', ' -236', ' 932', ' 1375', ' -1084', ' -303', ' -26', ' 131']",release2finger,False
15:44:13.853958,"['126', ' -318', ' 1996', ' -1304', ' -209', ' 130', ' -145', ' -2080', ' -34']","[' -51', ' -183', ' -183', ' 1011', ' 1427', ' -1051', ' -281', ' -15', ' 122']",release2finger,False
15:44:13.857947,"['222', ' -305', ' 1963', ' -1304', ' -209', ' 130', ' -191', ' -2011', ' -34']","[' -43', ' -177', ' -173', ' 1007', ' 1358', ' -999', ' -285', ' -15', ' 87']",release2finger,False
15:44:13.861937,"['70', ' -240', ' 1909', ' -1304', ' -209', ' 130', ' -131', ' -2048', ' -63']","[' -39', ' -200', ' -175', ' 1017', ' 1329', ' -920', ' -276', ' -3', ' 77']",release2finger,False
15:44:13.865960,"['170', ' -254', ' 1924', ' -1304', ' -209', ' 130', ' -132', ' -2030', ' -62']","[' -43', ' -172', ' -165', ' 1007', ' 1312', ' -913', ' -242', ' -3', ' 67']",release2finger,False
15:44:13.868952,"['149', ' -239', ' 1954', ' -1304', ' -209', ' 130', ' -130', ' -2071', ' -34']","[' -21', ' -163', ' -167', ' 946', ' 1310', ' -919', ' -174', ' -5', ' 30']",release2finger,False
15:44:13.872941,"['183', ' -329', ' 1959', ' -1304', ' -209', ' 130', ' -138', ' -2033', ' -42']","[' -42', ' -183', ' -180', ' 925', ' 1343', ' -942', ' -150', ' -47', ' -25']",release2finger,False
15:44:13.876932,"['131', ' -353', ' 1983', ' -1304', ' -209', ' 130', ' -150', ' -2013', ' -61']","[' -27', ' -151', ' -174', ' 959', ' 1362', ' -1005', ' -111', ' -53', ' -22']",release2finger,False
15:44:13.880923,"['164', ' -389', ' 1998', ' -1364', ' -293', ' 87', ' -162', ' -2035', ' -44']","[' -35', ' -136', ' -182', ' 933', ' 1361', ' -1019', ' -103', ' -32', ' -15']",release2finger,False
15:44:13.884911,"['95', ' -378', ' 1917', ' -1364', ' -293', ' 87', ' -187', ' -2048', ' -52']","[' -37', ' -137', ' -185', ' 917', ' 1358', ' -1012', ' 36', ' -63', ' -65']",release2finger,False
15:44:13.888901,"['21', ' -329', ' 1867', ' -1364', ' -293', ' 87', ' -171', ' -2035', ' -71']","[' -41', ' -143', ' -187', ' 949', ' 1462', ' -1033', ' -40', ' -14', ' -13']",release2finger,False
15:44:13.892918,"['2', ' -298', ' 1824', ' -1364', ' -293', ' 87', ' -195', ' -2093', ' -81']","[' -36', ' -147', ' -188', ' 962', ' 1420', ' -1081', ' -125', ' -68', ' -27']",release2finger,False
15:44:13.896904,"['1', ' -420', ' 1966', ' -1364', ' -293', ' 87', ' -225', ' -2098', ' -118']","[' -34', ' -157', ' -198', ' 1121', ' 1377', ' -1119', ' -81', ' -97', ' -30']",release2finger,False
15:44:13.900893,"['-9', ' -613', ' 2246', ' -1364', ' -293', ' 87', ' -206', ' -2106', ' -109']","[' -5', ' -164', ' -209', ' 1055', ' 1395', ' -1082', ' -118', ' -35', ' -67']",release2finger,False
15:44:13.904882,"['59', ' -870', ' 2509', ' -1364', ' -293', ' 87', ' -191', ' -2136', ' -120']","[' 16', ' -177', ' -244', ' 1031', ' 1360', ' -1039', ' -120', ' -78', ' -110']",release2finger,False
15:44:13.908876,"['35', ' -1010', ' 2651', ' -1364', ' -293', ' 87', ' -184', ' -2101', ' -152']","[' 64', ' -182', ' -264', ' 961', ' 1387', ' -1051', ' -147', ' -63', ' -130']",release2finger,False
15:44:13.912865,"['-93', ' -920', ' 2601', ' -1364', ' -293', ' 87', ' -154', ' -2094', ' -126']","[' 90', ' -156', ' -273', ' 808', ' 1388', ' -1138', ' -140', ' -100', ' -136']",release2finger,False
15:44:13.916849,"['-150', ' -777', ' 2435', ' -1364', ' -293', ' 87', ' -149', ' -2153', ' -142']","[' 83', ' -148', ' -252', ' 972', ' 1454', ' -1204', ' -180', ' -99', ' -89']",release2finger,False
15:44:13.920839,"['-103', ' -693', ' 2236', ' -1266', ' -220', ' 13', ' -194', ' -2126', ' -137']","[' 104', ' -137', ' -218', ' 982', ' 1409', ' -1172', ' -115', ' -116', ' -126']",release2finger,False
15:44:13.924828,"['-64', ' -580', ' 2126', ' -1266', ' -220', ' 13', ' -251', ' -2144', ' -137']","[' 124', ' -168', ' -246', ' 1188', ' 1542', ' -1138', ' -266', ' -33', ' -63']",release2finger,False
15:44:13.928817,"['39', ' -505', ' 2076', ' -1266', ' -220', ' 13', ' -194', ' -2117', ' -108']","[' 128', ' -215', ' -245', ' 1111', ' 1382', ' -1087', ' -329', ' -33', ' -92']",release2finger,False
15:44:13.932807,"['111', ' -524', ' 2073', ' -1266', ' -220', ' 13', ' -101', ' -2091', ' -77']","[' 124', ' -185', ' -244', ' 1063', ' 1393', ' -989', ' -268', ' -23', ' -113']",release2finger,False
15:44:13.935831,"['173', ' -504', ' 2080', ' -1266', ' -220', ' 13', ' -119', ' -2101', ' -71']","[' 122', ' -151', ' -229', ' 952', ' 1347', ' -990', ' -272', ' -4', ' -121']",release2finger,False
15:44:13.939833,"['189', ' -465', ' 2125', ' -1266', ' -220', ' 13', ' -141', ' -2070', ' -63']","[' 119', ' -150', ' -219', ' 933', ' 1354', ' -974', ' -204', ' -37', ' -128']",release2finger,False
15:44:13.943822,"['177', ' -444', ' 2130', ' -1266', ' -220', ' 13', ' -78', ' -2032', ' -53']","[' 104', ' -122', ' -212', ' 969', ' 1386', ' -983', ' -191', ' -1', ' -100']",release2finger,False
15:44:13.947808,"['229', ' -460', ' 2134', ' -1266', ' -220', ' 13', ' -113', ' -2007', ' -41']","[' 71', ' -108', ' -193', ' 948', ' 1383', ' -1008', ' -157', ' -10', ' -109']",release2finger,False
15:44:13.951801,"['229', ' -457', ' 2117', ' -1266', ' -220', ' 13', ' -112', ' -2026', ' -33']","[' 62', ' -95', ' -177', ' 1004', ' 1407', ' -1006', ' -153', ' 1', ' -101']",release2finger,False
15:44:13.955941,"['232', ' -429', ' 2063', ' -1266', ' -220', ' 13', ' -122', ' -2034', ' -9']","[' 40', ' -119', ' -139', ' 989', ' 1390', ' -1014', ' -146', ' 69', ' -62']",release2finger,False
15:44:13.959982,"['228', ' -436', ' 2033', ' -993', ' -103', ' -36', ' -63', ' -2059', ' -17']","[' 32', ' -109', ' -87', ' 1009', ' 1418', ' -1004', ' -126', ' 106', ' -52']",release2finger,False
15:44:13.963458,"['275', ' -509', ' 2041', ' -993', ' -103', ' -36', ' -111', ' -2083', ' -11']","[' 2', ' -112', ' -43', ' 924', ' 1368', ' -1075', ' -136', ' 114', ' -55']",release2finger,False
15:44:13.967504,"['268', ' -429', ' 2020', ' -993', ' -103', ' -36', ' -92', ' -2081', ' -19']","[' 6', ' -143', ' -12', ' 803', ' 1385', ' -989', ' -93', ' 222', ' -9']",release2finger,False
15:44:13.971488,"['271', ' -382', ' 1965', ' -993', ' -103', ' -36', ' -21', ' -2041', ' -11']","[' 13', ' -130', ' 44', ' 827', ' 1621', ' -970', ' -128', ' 256', ' 23']",release2finger,False
15:44:13.975435,"['132', ' -428', ' 1968', ' -993', ' -103', ' -36', ' -160', ' -2032', ' -58']","[' 17', ' -134', ' 22', ' 858', ' 1421', ' -1138', ' -206', ' 270', ' 135']",release2finger,False
15:44:13.979424,"['30', ' -389', ' 2022', ' -993', ' -103', ' -36', ' -124', ' -2030', ' -24']","[' -14', ' -157', ' 16', ' 1137', ' 1355', ' -1120', ' -50', ' 593', ' 288']",release2finger,False
15:44:13.983414,"['181', ' -604', ' 2155', ' -993', ' -103', ' -36', ' 11', ' -2052', ' -6']","[' -24', ' -153', ' 51', ' 1003', ' 1477', ' -918', ' -73', ' 434', ' 158']",release2finger,False
15:44:13.987447,"['184', ' -702', ' 2287', ' -993', ' -103', ' -36', ' -111', ' -2108', ' -42']","[' 18', ' -139', ' 53', ' 794', ' 1224', ' -806', ' -184', ' 102', ' -98']",release2finger,False
15:44:13.990943,"['226', ' -788', ' 2248', ' -993', ' -103', ' -36', ' -82', ' -2147', ' -36']","[' 20', ' -132', ' 55', ' 1058', ' 1367', ' -806', ' -49', ' 124', ' -44']",release2finger,False
15:44:13.994932,"['168', ' -832', ' 2203', ' -993', ' -103', ' -36', ' -18', ' -2111', ' -9']","[' 53', ' -75', ' 62', ' 888', ' 1411', ' -950', ' -43', ' 231', ' 6']",release2finger,False
15:44:13.998922,"['-261', ' -463', ' 2166', ' -993', ' -103', ' -36', ' -97', ' -2050', ' -13']","[' 58', ' -29', ' 50', ' 870', ' 1423', ' -1011', ' -58', ' 146', ' -54']",release2finger,False
15:44:14.002912,"['-101', ' -477', ' 2175', ' -662', ' -50', ' -16', ' -47', ' -2063', ' -12']","[' 32', ' -44', ' 44', ' 879', ' 1419', ' -969', ' -19', ' 83', ' -121']",release2finger,False
15:44:14.006901,"['81', ' -550', ' 2176', ' -662', ' -50', ' -16', ' -76', ' -2082', ' -22']","[' 66', ' -22', ' 23', ' 883', ' 1394', ' -932', ' -33', ' 50', ' -121']",release2finger,False
15:44:14.010890,"['166', ' -585', ' 2230', ' -662', ' -50', ' -16', ' -101', ' -2061', ' -33']","[' 69', ' -14', ' -8', ' 990', ' 1398', ' -947', ' -7', ' 95', ' -103']",release2finger,False
15:44:14.014874,"['83', ' -589', ' 2205', ' -662', ' -50', ' -16', ' -50', ' -2049', ' -31']","[' 83', ' 0', ' -2', ' 958', ' 1378', ' -932', ' 13', ' 86', ' -139']",release2finger,False
15:44:14.018864,"['106', ' -512', ' 2152', ' -662', ' -50', ' -16', ' -103', ' -2061', ' -24']","[' 75', ' 23', ' -3', ' 970', ' 1362', ' -917', ' 52', ' 29', ' -208']",release2finger,False
15:44:14.022853,"['246', ' -494', ' 2084', ' -662', ' -50', ' -16', ' -110', ' -2055', ' -11']","[' 62', ' 35', ' 14', ' 984', ' 1431', ' -968', ' 66', ' 82', ' -174']",release2finger,False
15:44:14.025851,"['188', ' -506', ' 2069', ' -662', ' -50', ' -16', ' -99', ' -2033', ' -4']","[' 54', ' 37', ' 22', ' 924', ' 1428', ' -998', ' 76', ' 105', ' -167']",release2finger,False
15:44:14.029835,"['120', ' -471', ' 2071', ' -662', ' -50', ' -16', ' -102', ' -2035', ' 0']","[' 53', ' 49', ' 35', ' 940', ' 1417', ' -979', ' 69', ' 101', ' -160']",release2finger,False
15:44:14.033829,"['71', ' -431', ' 2078', ' -662', ' -50', ' -16', ' -85', ' -2031', ' -1']","[' 31', ' 63', ' 44', ' 922', ' 1371', ' -899', ' 94', ' 110', ' -153']",release2finger,False
15:44:14.037814,"['135', ' -491', ' 2076', ' -662', ' -50', ' -16', ' -96', ' -2030', ' -8']","[' 31', ' 59', ' 56', ' 903', ' 1346', ' -844', ' 130', ' 84', ' -188']",release2finger,False
15:44:14.041808,"['92', ' -441', ' 2062', ' -401', ' 19', ' 28', ' -80', ' -2031', ' -4']","[' 23', ' 77', ' 68', ' 896', ' 1346', ' -861', ' 176', ' 78', ' -182']",release2finger,False
15:44:14.045793,"['145', ' -469', ' 2045', ' -401', ' 19', ' 28', ' -93', ' -2021', ' 7']","[' 4', ' 86', ' 74', ' 896', ' 1369', ' -884', ' 204', ' 97', ' -166']",release2finger,False
15:44:14.049781,"['135', ' -426', ' 2004', ' -401', ' 19', ' 28', ' -85', ' -1977', ' -7']","[' 10', ' 91', ' 87', ' 858', ' 1384', ' -905', ' 258', ' 42', ' -207']",release2finger,False
15:44:14.053773,"['175', ' -448', ' 2010', ' -401', ' 19', ' 28', ' -63', ' -1948', ' -14']","[' -9', ' 114', ' 106', ' 745', ' 1477', ' -912', ' 274', ' 21', ' -203']",release2finger,False
15:44:14.056763,"['35', ' -358', ' 1982', ' -401', ' 19', ' 28', ' -103', ' -2018', ' -1']","[' -25', ' 126', ' 82', ' 754', ' 1403', ' -967', ' 287', ' -23', ' -183']",release2finger,False
15:44:14.060752,"['54', ' -393', ' 1947', ' -401', ' 19', ' 28', ' -104', ' -2053', ' -1']","[' -30', ' 140', ' 89', ' 836', ' 1438', ' -989', ' 276', ' -20', ' -105']",release2finger,False
15:44:14.064741,"['83', ' -425', ' 1988', ' -401', ' 19', ' 28', ' -56', ' -2035', ' 15']","[' -33', ' 153', ' 87', ' 821', ' 1417', ' -968', ' 272', ' -69', ' -121']",release2finger,False
15:44:14.068730,"['151', ' -464', ' 2079', ' -401', ' 19', ' 28', ' -101', ' -2003', ' 0']","[' -42', ' 181', ' 83', ' 879', ' 1362', ' -947', ' 306', ' -84', ' -123']",release2finger,False
15:44:14.072720,"['187', ' -482', ' 2100', ' -401', ' 19', ' 28', ' -104', ' -1994', ' -7']","[' -41', ' 203', ' 85', ' 853', ' 1365', ' -934', ' 312', ' -108', ' -135']",release2finger,False
15:44:14.076716,"['80', ' -423', ' 2074', ' -401', ' 19', ' 28', ' -109', ' -2033', ' 2']","[' -60', ' 208', ' 81', ' 892', ' 1434', ' -1030', ' 318', ' -85', ' -87']",release2finger,False
15:44:14.080706,"['26', ' -436', ' 1995', ' -146', ' 86', ' 20', ' 128', ' -2011', ' -3']","[' -23', ' 208', ' 99', ' 893', ' 1453', ' -1115', ' 300', ' -71', ' -66']",release2finger,False
15:44:14.084690,"['-5', ' -351', ' 2008', ' -146', ' 86', ' 20', ' -223', ' -2056', ' -4']","[' -97', ' 233', ' 57', ' 924', ' 1436', ' -1123', ' 257', ' -69', ' -63']",release2finger,False
15:44:14.088680,"['-2', ' -425', ' 2010', ' -146', ' 86', ' 20', ' -293', ' -2035', ' -26']","[' -101', ' 200', ' 91', ' 960', ' 1423', ' -1095', ' 236', ' -26', ' -44']",release2finger,False
15:44:14.092183,"['-23', ' -432', ' 2057', ' -146', ' 86', ' 20', ' -147', ' -2028', ' -29']","[' -63', ' 157', ' 57', ' 965', ' 1395', ' -1073', ' 198', ' -2', ' -34']",release2finger,False
15:44:14.096177,"['-5', ' -548', ' 2055', ' -146', ' 86', ' 20', ' -149', ' -2017', ' -54']","[' -101', ' 154', ' 61', ' 965', ' 1418', ' -1074', ' 193', ' 16', ' -28']",release2finger,False
15:44:14.100166,"['-17', ' -501', ' 2008', ' -146', ' 86', ' 20', ' -262', ' -2073', ' -47']","[' -83', ' 158', ' 53', ' 902', ' 1436', ' -1105', ' 185', ' -15', ' -41']",release2finger,False
15:44:14.104151,"['-6', ' -495', ' 1997', ' -146', ' 86', ' 20', ' -178', ' -2099', ' -55']","[' -71', ' 128', ' 68', ' 947', ' 1456', ' -1096', ' 160', ' -9', ' -35']",release2finger,False
15:44:14.108140,"['60', ' -494', ' 2087', ' -146', ' 86', ' 20', ' -156', ' -2121', ' -73']","[' -67', ' 138', ' 59', ' 958', ' 1430', ' -1082', ' 127', ' 18', ' -23']",release2finger,False
15:44:14.112129,"['56', ' -604', ' 2180', ' -146', ' 86', ' 20', ' -176', ' -2104', ' -88']","[' -40', ' 121', ' 47', ' 981', ' 1411', ' -1061', ' 112', ' -9', ' -47']",release2finger,False
15:44:14.116119,"['62', ' -704', ' 2217', ' -146', ' 86', ' 20', ' -172', ' -2128', ' -82']","[' -14', ' 134', ' 49', ' 1027', ' 1398', ' -1050', ' 117', ' -30', ' -71']",release2finger,False
15:44:14.119112,"['16', ' -696', ' 2226', ' -146', ' 86', ' 20', ' -195', ' -2118', ' -101']","[' 0', ' 147', ' 51', ' 1087', ' 1402', ' -1026', ' 124', ' -8', ' -102']",release2finger,False
15:44:14.123106,"['5', ' -681', ' 2249', ' 118', ' 84', ' -44', ' -178', ' -2145', ' -107']","[' 34', ' 131', ' 64', ' 1086', ' 1367', ' -1012', ' 137', ' -7', ' -140']",release2finger,False
15:44:14.127094,"['25', ' -667', ' 2338', ' 118', ' 84', ' -44', ' -231', ' -2120', ' -71']","[' 55', ' 115', ' 63', ' 1092', ' 1349', ' -993', ' 154', ' -11', ' -161']",release2finger,False
15:44:14.131079,"['44', ' -757', ' 2482', ' 118', ' 84', ' -44', ' -192', ' -2106', ' -73']","[' 68', ' 98', ' 75', ' 1113', ' 1351', ' -983', ' 185', ' 21', ' -195']",release2finger,False
15:44:14.135074,"['120', ' -853', ' 2701', ' 118', ' 84', ' -44', ' -183', ' -2111', ' -64']","[' 77', ' 107', ' 82', ' 1080', ' 1366', ' -975', ' 207', ' 40', ' -233']",release2finger,False
15:44:14.139062,"['132', ' -896', ' 2718', ' 118', ' 84', ' -44', ' -146', ' -2102', ' -67']","[' 100', ' 112', ' 109', ' 1023', ' 1392', ' -940', ' 256', ' 31', ' -254']",release2finger,False
15:44:14.143056,"['139', ' -871', ' 2673', ' 118', ' 84', ' -44', ' -116', ' -2096', ' -50']","[' 119', ' 127', ' 139', ' 1028', ' 1358', ' -974', ' 261', ' 88', ' -248']",release2finger,False
15:44:14.147036,"['150', ' -696', ' 2516', ' 118', ' 84', ' -44', ' -153', ' -2126', ' -65']","[' 138', ' 138', ' 175', ' 1304', ' 1392', ' -910', ' 327', ' 37', ' -282']",release2finger,False
15:44:14.151026,"['233', ' -601', ' 2463', ' 118', ' 84', ' -44', ' -142', ' -2164', ' -46']","[' 139', ' 132', ' 211', ' 1115', ' 1328', ' -948', ' 359', ' 70', ' -339']",release2finger,False
15:44:14.154023,"['169', ' -743', ' 2445', ' 118', ' 84', ' -44', ' -184', ' -2166', ' -68']","[' 169', ' 153', ' 222', ' 1146', ' 1288', ' -893', ' 414', ' -12', ' -442']",release2finger,False
15:44:14.158012,"['193', ' -844', ' 2599', ' 118', ' 84', ' -44', ' -201', ' -2123', ' -72']","[' 173', ' 157', ' 251', ' 1169', ' 1357', ' -874', ' 441', ' 77', ' -399']",release2finger,False
15:44:14.162001,"['201', ' -938', ' 2626', ' 357', ' 75', ' -86', ' -193', ' -2101', ' -38']","[' 180', ' 161', ' 271', ' 1135', ' 1294', ' -857', ' 515', ' 146', ' -431']",release2finger,False
15:44:14.165990,"['140', ' -778', ' 2490', ' 357', ' 75', ' -86', ' -145', ' -2081', ' -35']","[' 196', ' 172', ' 304', ' 1037', ' 1276', ' -862', ' 621', ' 106', ' -516']",release2finger,False
15:44:14.169980,"['-77', ' -821', ' 2240', ' 357', ' 75', ' -86', ' -198', ' -2143', ' -25']","[' 179', ' 199', ' 333', ' 1057', ' 1347', ' -900', ' 668', ' 73', ' -574']",release2finger,False
15:44:14.173971,"['80', ' -480', ' 2193', ' 357', ' 75', ' -86', ' -220', ' -2135', ' -23']","[' 189', ' 212', ' 362', ' 1110', ' 1293', ' -946', ' 725', ' 103', ' -564']",release2finger,False
15:44:14.177956,"['-277', ' -293', ' 2041', ' 357', ' 75', ' -86', ' -222', ' -2034', ' 11']","[' 193', ' 186', ' 379', ' 966', ' 1321', ' -932', ' 797', ' 134', ' -597']",release2finger,False
15:44:14.181945,"['146', ' -577', ' 1999', ' 357', ' 75', ' -86', ' -222', ' -2137', ' 30']","[' 190', ' 148', ' 389', ' 1027', ' 1322', ' -908', ' 846', ' 104', ' -637']",release2finger,False
15:44:14.184942,"['150', ' -387', ' 2049', ' 357', ' 75', ' -86', ' -184', ' -2093', ' 41']","[' 192', ' 139', ' 433', ' 1072', ' 1309', ' -903', ' 871', ' 141', ' -652']",release2finger,False
15:44:14.188931,"['64', ' -243', ' 2094', ' 357', ' 75', ' -86', ' -183', ' -2019', ' 71']","[' 174', ' 144', ' 457', ' 1060', ' 1303', ' -908', ' 981', ' 164', ' -704']",release2finger,False
15:44:14.193433,"['148', ' -221', ' 2098', ' 357', ' 75', ' -86', ' -171', ' -2036', ' 87']","[' 176', ' 195', ' 504', ' 1004', ' 1480', ' -862', ' 1014', ' 252', ' -711']",release2finger,False
15:44:14.197422,"['60', ' -103', ' 2090', ' 357', ' 75', ' -86', ' -288', ' -2038', ' 42']","[' 175', ' 165', ' 498', ' 932', ' 1183', ' -939', ' 1019', ' 152', ' -757']",release2finger,False
15:44:14.200420,"['97', ' -120', ' 2021', ' 892', ' 159', ' -39', ' -232', ' -2171', ' 65']","[' 188', ' 135', ' 471', ' 898', ' 1445', ' -881', ' 1054', ' 172', ' -736']",release2finger,False
15:44:14.204409,"['44', ' -131', ' 1910', ' 892', ' 159', ' -39', ' -237', ' -2063', ' 57']","[' 167', ' 156', ' 480', ' 847', ' 1315', ' -994', ' 1095', ' 189', ' -742']",release2finger,False
15:44:14.208398,"['66', ' -16', ' 1826', ' 892', ' 159', ' -39', ' -190', ' -2091', ' 62']","[' 237', ' 181', ' 511', ' 809', ' 1366', ' -1101', ' 1100', ' 150', ' -743']",release2finger,False
15:44:14.212387,"['-72', ' 141', ' 1726', ' 892', ' 159', ' -39', ' -84', ' -2103', ' 58']","[' 251', ' 148', ' 507', ' 790', ' 1339', ' -1110', ' 1092', ' 222', ' -704']",release2finger,False
15:44:14.216377,"['13', ' 145', ' 1575', ' 892', ' 159', ' -39', ' -212', ' -2104', ' 60']","[' 266', ' 198', ' 502', ' 766', ' 1423', ' -1171', ' 1083', ' 165', ' -740']",release2finger,False
15:44:14.220361,"['-56', ' 260', ' 1566', ' 892', ' 159', ' -39', ' -161', ' -2093', ' 79']","[' 285', ' 259', ' 529', ' 698', ' 1457', ' -1213', ' 1053', ' 130', ' -721']",release2finger,False
15:44:14.223607,"['-63', ' 315', ' 1618', ' 892', ' 159', ' -39', ' -179', ' -2082', ' 104']","[' 297', ' 256', ' 549', ' 737', ' 1412', ' -1185', ' 1002', ' 204', ' -642']",release2finger,False
15:44:14.227597,"['-68', ' 326', ' 1661', ' 892', ' 159', ' -39', ' -177', ' -2057', ' 151']","[' 331', ' 292', ' 570', ' 729', ' 1385', ' -1189', ' 969', ' 205', ' -605']",release2finger,False
15:44:14.231585,"['-168', ' 298', ' 1729', ' 892', ' 159', ' -39', ' -173', ' -1957', ' 137']","[' 334', ' 320', ' 606', ' 700', ' 1375', ' -1135', ' 950', ' 177', ' -598']",release2finger,False
15:44:14.235536,"['-159', ' 281', ' 1809', ' 892', ' 159', ' -39', ' -209', ' -1905', ' 140']","[' 351', ' 362', ' 633', ' 580', ' 1439', ' -1083', ' 919', ' 170', ' -562']",release2finger,False
15:44:14.239558,"['-160', ' 262', ' 1931', ' 892', ' 159', ' -39', ' -160', ' -1853', ' 129']","[' 311', ' 412', ' 651', ' 668', ' 1339', ' -1126', ' 936', ' 260', ' -493']",release2finger,False
15:44:14.243547,"['-121', ' 254', ' 1998', ' 1790', ' 389', ' 67', ' -119', ' -2025', ' 313']","[' 307', ' 464', ' 611', ' 586', ' 1354', ' -1296', ' 877', ' 175', ' -490']",release2finger,False
15:44:14.246550,"['-8', ' 183', ' 1907', ' 1790', ' 389', ' 67', ' -857', ' -2171', ' 725']","[' 1082', ' 729', ' 652', ' 628', ' 1452', ' -1208', ' 881', ' 118', ' -484']",release2finger,False
15:44:14.250785,"['-51', ' 345', ' 1861', ' 1790', ' 389', ' 67', ' -244', ' -1697', ' -229']","[' 1099', ' 366', ' 573', ' 768', ' 1372', ' -1154', ' 825', ' 189', ' -408']",release2finger,False
15:44:14.254782,"['21', ' 409', ' 1759', ' 1790', ' 389', ' 67', ' -299', ' -1814', ' -206']","[' 790', ' 377', ' 447', ' 672', ' 1329', ' -1031', ' 798', ' 272', ' -330']",release2finger,False
15:44:14.258771,"['30', ' 456', ' 1529', ' 1790', ' 389', ' 67', ' -123', ' -2068', ' 127']","[' 620', ' 346', ' 353', ' 606', ' 1322', ' -1083', ' 787', ' 269', ' -259']",release2finger,False
15:44:14.262755,"['76', ' 488', ' 1530', ' 1790', ' 389', ' 67', ' -405', ' -2150', ' 217']","[' 706', ' 360', ' 315', ' 691', ' 1313', ' -1188', ' 792', ' 186', ' -291']",release2finger,False
15:44:14.266745,"['73', ' 545', ' 1494', ' 1790', ' 389', ' 67', ' -260', ' -2183', ' 229']","[' 826', ' 288', ' 347', ' 710', ' 1338', ' -1263', ' 771', ' 157', ' -266']",release2finger,False
15:44:14.269737,"['19', ' 542', ' 1412', ' 1790', ' 389', ' 67', ' -217', ' -2073', ' 185']","[' 880', ' 345', ' 386', ' 681', ' 1385', ' -1235', ' 698', ' 190', ' -211']",release2finger,False
15:44:14.273732,"['-100', ' 548', ' 1442', ' 1790', ' 389', ' 67', ' -376', ' -1929', ' 101']","[' 896', ' 352', ' 390', ' 675', ' 1356', ' -1244', ' 616', ' 166', ' -174']",release2finger,False
15:44:14.277722,"['-213', ' 549', ' 1519', ' 1790', ' 389', ' 67', ' -372', ' -1985', ' 183']","[' 906', ' 326', ' 350', ' 683', ' 1308', ' -1229', ' 581', ' 118', ' -138']",release2finger,False
15:44:14.281712,"['-191', ' 482', ' 1590', ' 2224', ' 495', ' 68', ' -404', ' -1982', ' 199']","[' 965', ' 291', ' 354', ' 733', ' 1270', ' -1165', ' 577', ' 132', ' -116']",release2finger,False
15:44:14.285917,"['-243', ' 453', ' 1656', ' 2224', ' 495', ' 68', ' -356', ' -1943', ' 190']","[' 961', ' 304', ' 323', ' 803', ' 1288', ' -1141', ' 592', ' 152', ' -104']",release2finger,False
15:44:14.288939,"['-299', ' 387', ' 1712', ' 2224', ' 495', ' 68', ' -347', ' -1989', ' 187']","[' 1000', ' 283', ' 317', ' 870', ' 1276', ' -1138', ' 588', ' 132', ' -122']",release2finger,False
15:44:14.293453,"['-290', ' 333', ' 1775', ' 2224', ' 495', ' 68', ' -460', ' -2024', ' 202']","[' 1085', ' 284', ' 294', ' 839', ' 1259', ' -1128', ' 599', ' 130', ' -157']",release2finger,False
15:44:14.297212,"['-284', ' 284', ' 1827', ' 2224', ' 495', ' 68', ' -302', ' -1971', ' 187']","[' 1120', ' 230', ' 275', ' 831', ' 1272', ' -1148', ' 608', ' 131', ' -159']",release2finger,False
15:44:14.301201,"['-210', ' 224', ' 1978', ' 2224', ' 495', ' 68', ' -319', ' -2100', ' 163']","[' 1182', ' 213', ' 220', ' 829', ' 1316', ' -1164', ' 588', ' 131', ' -146']",release2finger,False
15:44:14.305190,"['-170', ' 78', ' 1956', ' 2224', ' 495', ' 68', ' -175', ' -2108', ' 161']","[' 1192', ' 219', ' 183', ' 777', ' 1321', ' -1187', ' 564', ' 140', ' -139']",release2finger,False
15:44:14.308182,"['-193', ' 67', ' 2001', ' 2224', ' 495', ' 68', ' -319', ' -2085', ' 116']","[' 1215', ' 219', ' 174', ' 780', ' 1309', ' -1278', ' 561', ' 140', ' -139']",release2finger,False
15:44:14.312176,"['-176', ' 87', ' 2116', ' 2224', ' 495', ' 68', ' -343', ' -2013', ' 111']","[' 1211', ' 245', ' 164', ' 824', ' 1362', ' -1351', ' 563', ' 110', ' -152']",release2finger,False
15:44:14.316166,"['-170', ' 31', ' 2145', ' 2224', ' 495', ' 68', ' -444', ' -2065', ' 87']","[' 1267', ' 208', ' 152', ' 846', ' 1375', ' -1408', ' 497', ' 114', ' -160']",release2finger,False
15:44:14.320155,"['-145', ' 14', ' 2124', ' 2224', ' 495', ' 68', ' -379', ' -2184', ' 181']","[' 1303', ' 221', ' 151', ' 839', ' 1385', ' -1400', ' 430', ' 98', ' -146']",release2finger,False
15:44:14.324145,"['-109', ' 14', ' 2111', ' 1653', ' 287', ' -73', ' -376', ' -2279', ' 181']","[' 1416', ' 192', ' 120', ' 891', ' 1414', ' -1395', ' 374', ' 105', ' -133']",release2finger,False
15:44:14.328132,"['-67', ' 52', ' 2100', ' 1653', ' 287', ' -73', ' -403', ' -2374', ' 278']","[' 1559', ' 220', ' 120', ' 859', ' 1362', ' -1384', ' 305', ' 111', ' -99']",release2finger,False
15:44:14.332118,"['-90', ' 56', ' 2106', ' 1653', ' 287', ' -73', ' -438', ' -2381', ' 250']","[' 1723', ' 122', ' 120', ' 867', ' 1358', ' -1380', ' 273', ' 139', ' -58']",release2finger,False
15:44:14.335114,"['-70', ' 85', ' 2099', ' 1653', ' 287', ' -73', ' -357', ' -2424', ' 301']","[' 1843', ' 158', ' 99', ' 567', ' 1539', ' -1345', ' 216', ' 137', ' -12']",release2finger,False
15:44:14.339100,"['-91', ' 143', ' 2141', ' 1653', ' 287', ' -73', ' -369', ' -2467', ' 330']","[' 1998', ' 117', ' 132', ' 1069', ' 1471', ' -1375', ' 232', ' 252', ' 2']",release2finger,False
15:44:14.343093,"['-26', ' 118', ' 2169', ' 1653', ' 287', ' -73', ' -362', ' -2617', ' 459']","[' 2225', ' 133', ' 125', ' 789', ' 1321', ' -1463', ' 129', ' 65', ' -71']",release2finger,False
15:44:14.347082,"['-3', ' 58', ' 2141', ' 1653', ' 287', ' -73', ' -485', ' -2638', ' 500']","[' 2504', ' 110', ' 86', ' 866', ' 1442', ' -1331', ' 150', ' 149', ' 0']",release2finger,False
15:44:14.351071,"['-60', ' 52', ' 2153', ' 1653', ' 287', ' -73', ' -329', ' -2813', ' 523']","[' 2754', ' 86', ' 156', ' 880', ' 1362', ' -1356', ' 106', ' 148', ' 1']",release2finger,False
15:44:14.355062,"['-30', ' 102', ' 2155', ' 1653', ' 287', ' -73', ' -327', ' -2690', ' 509']","[' 3017', ' 46', ' 160', ' 957', ' 1356', ' -1331', ' 93', ' 195', ' 40']",release2finger,False
15:44:14.359046,"['-99', ' 112', ' 2114', ' 1653', ' 287', ' -73', ' -433', ' -2761', ' 575']","[' 3192', ' 112', ' 69', ' 990', ' 1330', ' -1396', ' 76', ' 157', ' 22']",release2finger,False
15:44:14.363035,"['-112', ' 114', ' 2111', ' 736', ' 22', ' -148', ' -367', ' -2732', ' 530']","[' 3419', ' 19', ' 55', ' 1016', ' 1404', ' -1354', ' 58', ' 187', ' 25']",release2finger,False
15:44:14.366032,"['-153', ' 181', ' 2069', ' 736', ' 22', ' -148', ' -498', ' -2566', ' 478']","[' 3575', ' 15', ' 26', ' 1006', ' 1364', ' -1351', ' 26', ' 208', ' 14']",release2finger,False
15:44:14.370016,"['-110', ' 189', ' 2105', ' 736', ' 22', ' -148', ' -350', ' -2501', ' 501']","[' 3711', ' 51', ' 89', ' 1001', ' 1330', ' -1289', ' 35', ' 156', ' -18']",release2finger,False
15:44:14.374011,"['-165', ' 166', ' 2073', ' 736', ' 22', ' -148', ' -337', ' -2651', ' 665']","[' 3865', ' 73', ' 167', ' 1050', ' 1290', ' -1297', ' 65', ' 141', ' -51']",release2finger,False
15:44:14.378001,"['-108', ' 125', ' 2113', ' 736', ' 22', ' -148', ' -456', ' -2818', ' 807']","[' 4136', ' 154', ' 219', ' 1067', ' 1239', ' -1325', ' 38', ' 153', ' -98']",release2finger,False
15:44:14.381991,"['-159', ' 73', ' 2160', ' 736', ' 22', ' -148', ' -448', ' -3068', ' 900']","[' 4471', ' 105', ' 265', ' 1117', ' 1323', ' -1294', ' 85', ' 192', ' -122']",release2finger,False
15:44:14.385976,"['-103', ' 38', ' 2212', ' 736', ' 22', ' -148', ' -477', ' -3013', ' 913']","[' 4863', ' 117', ' 267', ' 1149', ' 1364', ' -1342', ' 86', ' 218', ' -143']",release2finger,False
15:44:14.388972,"['-137', ' 46', ' 2173', ' 736', ' 22', ' -148', ' -441', ' -2803', ' 858']","[' 5244', ' 45', ' 301', ' 1087', ' 1383', ' -1359', ' 67', ' 290', ' -115']",release2finger,False
15:44:14.393479,"['-163', ' 73', ' 2136', ' 736', ' 22', ' -148', ' -374', ' -2700', ' 879']","[' 5545', ' 73', ' 375', ' 1067', ' 1393', ' -1461', ' 46', ' 312', ' -128']",release2finger,False
15:44:14.397464,"['-108', ' 49', ' 2136', ' 736', ' 22', ' -148', ' -398', ' -2514', ' 882']","[' 5916', ' 137', ' 525', ' 1010', ' 1413', ' -1551', ' 40', ' 285', ' -147']",release2finger,False
15:44:14.401453,"['-94', ' -190', ' 2182', ' 218', ' -142', ' -94', ' -138', ' -2404', ' 822']","[' 6288', ' 290', ' 756', ' 908', ' 1487', ' -1595', ' -20', ' 245', ' -162']",release2finger,False
15:44:14.405442,"['-23', ' -187', ' 2354', ' 218', ' -142', ' -94', ' -316', ' -2347', ' 704']","[' 6502', ' 424', ' 950', ' 1022', ' 1499', ' -1615', ' -74', ' 211', ' -190']",release2finger,False
15:44:14.408440,"['71', ' -201', ' 2476', ' 218', ' -142', ' -94', ' -501', ' -2328', ' 510']","[' 6595', ' 552', ' 1001', ' 1104', ' 1465', ' -1603', ' -167', ' 242', ' -173']",release2finger,False
15:44:14.412428,"['141', ' -257', ' 2483', ' 218', ' -142', ' -94', ' -604', ' -2446', ' 569']","[' 6553', ' 506', ' 961', ' 1079', ' 1424', ' -1493', ' -263', ' 264', ' -167']",release2finger,False
15:44:14.416418,"['27', ' -171', ' 2457', ' 218', ' -142', ' -94', ' -568', ' -1960', ' 519']","[' 6482', ' 472', ' 870', ' 1073', ' 1388', ' -1423', ' -305', ' 275', ' -171']",release2finger,False
15:44:14.420407,"['-86', ' -62', ' 2398', ' 218', ' -142', ' -94', ' -567', ' -2281', ' 704']","[' 6304', ' 377', ' 774', ' 960', ' 1410', ' -1447', ' -337', ' 266', ' -165']",release2finger,False
15:44:14.424427,"['-93', ' -34', ' 2303', ' 218', ' -142', ' -94', ' -565', ' -1998', ' 845']","[' 6162', ' 417', ' 720', ' 942', ' 1456', ' -1508', ' -404', ' 236', ' -163']",release2finger,False
15:44:14.428416,"['-179', ' 109', ' 2174', ' 218', ' -142', ' -94', ' -457', ' -2191', ' 843']","[' 5961', ' 245', ' 766', ' 903', ' 1419', ' -1457', ' -465', ' 233', ' -157']",release2finger,False
15:44:14.432401,"['-127', ' 216', ' 2045', ' 218', ' -142', ' -94', ' -416', ' -1851', ' 944']","[' 5658', ' 432', ' 756', ' 843', ' 1349', ' -1369', ' -489', ' 166', ' -206']",release2finger,False
15:44:14.436422,"['-108', ' 407', ' 1952', ' 218', ' -142', ' -94', ' -589', ' -1503', ' 891']","[' 5345', ' 436', ' 812', ' 855', ' 1313', ' -1206', ' -497', ' 119', ' -204']",release2finger,False
15:44:14.440411,"['-76', ' 433', ' 1905', ' 218', ' -142', ' -94', ' -519', ' -1435', ' 874']","[' 4977', ' 392', ' 859', ' 848', ' 1283', ' -1105', ' -511', ' 93', ' -184']",release2finger,False
15:44:14.443403,"['-29', ' 468', ' 1937', ' 115', ' -220', ' 9', ' -589', ' -1212', ' 893']","[' 4604', ' 331', ' 828', ' 948', ' 1220', ' -1041', ' -456', ' 63', ' -206']",release2finger,False
15:44:14.447397,"['-16', ' 454', ' 1935', ' 115', ' -220', ' 9', ' -665', ' -1219', ' 1021']","[' 4296', ' 299', ' 767', ' 874', ' 1154', ' -1002', ' -378', ' 85', ' -221']",release2finger,False
15:44:14.451383,"['-50', ' 435', ' 1966', ' 115', ' -220', ' 9', ' -584', ' -1544', ' 1261']","[' 4138', ' 205', ' 786', ' 823', ' 1186', ' -963', ' -269', ' 64', ' -234']",release2finger,False
15:44:14.455376,"['15', ' 371', ' 1983', ' 115', ' -220', ' 9', ' -630', ' -1734', ' 1539']","[' 4180', ' 96', ' 771', ' 826', ' 1212', ' -937', ' -238', ' 103', ' -223']",release2finger,False
15:44:14.459367,"['-35', ' 294', ' 2032', ' 115', ' -220', ' 9', ' -657', ' -2019', ' 1678']","[' 4345', ' 52', ' 798', ' 779', ' 1184', ' -955', ' -181', ' 80', ' -219']",release2finger,False
15:44:14.463350,"['-29', ' 166', ' 2113', ' 115', ' -220', ' 9', ' -644', ' -2094', ' 1746']","[' 4569', ' 4', ' 887', ' 786', ' 1201', ' -961', ' -121', ' 38', ' -247']",release2finger,False
15:44:14.467340,"['-126', ' 204', ' 2167', ' 115', ' -220', ' 9', ' -494', ' -2085', ' 1726']","[' 4887', ' 8', ' 993', ' 809', ' 1237', ' -960', ' -76', ' 30', ' -234']",release2finger,False
15:44:14.470333,"['-96', ' 236', ' 2219', ' 115', ' -220', ' 9', ' -499', ' -1804', ' 1692']","[' 5251', ' 79', ' 1117', ' 870', ' 1227', ' -918', ' -22', ' 41', ' -252']",release2finger,False
15:44:14.474321,"['-53', ' 219', ' 2217', ' 115', ' -220', ' 9', ' -486', ' -1554', ' 1453']","[' 5501', ' 158', ' 1235', ' 867', ' 1236', ' -889', ' 25', ' 77', ' -244']",release2finger,False
15:44:14.478312,"['-5', ' 271', ' 2231', ' 115', ' -220', ' 9', ' -493', ' -1409', ' 1342']","[' 5592', ' 232', ' 1368', ' 823', ' 1193', ' -883', ' 97', ' 105', ' -241']",release2finger,False
15:44:14.482301,"['12', ' 369', ' 2200', ' 219', ' -220', ' 124', ' -388', ' -1061', ' 1229']","[' 5639', ' 264', ' 1462', ' 784', ' 1249', ' -846', ' 158', ' 155', ' -209']",release2finger,False
15:44:14.486291,"['60', ' 451', ' 2093', ' 219', ' -220', ' 124', ' -334', ' -1008', ' 1108']","[' 5556', ' 321', ' 1542', ' 767', ' 1339', ' -945', ' 187', ' 181', ' -184']",release2finger,False
15:44:14.489283,"['39', ' 505', ' 1964', ' 219', ' -220', ' 124', ' -295', ' -961', ' 1260']","[' 5618', ' 358', ' 1590', ' 941', ' 1309', ' -982', ' 253', ' 229', ' -128']",release2finger,False
15:44:14.493785,"['113', ' 505', ' 1835', ' 219', ' -220', ' 124', ' -322', ' -951', ' 1293']","[' 5650', ' 492', ' 1641', ' 716', ' 1309', ' -881', ' 316', ' 208', ' -140']",release2finger,False
15:44:14.497774,"['106', ' 601', ' 1789', ' 219', ' -220', ' 124', ' -389', ' -961', ' 1354']","[' 5698', ' 617', ' 1750', ' 780', ' 1191', ' -843', ' 381', ' 282', ' -129']",release2finger,False
15:44:14.501764,"['164', ' 654', ' 1720', ' 219', ' -220', ' 124', ' -492', ' -851', ' 1522']","[' 5676', ' 693', ' 1765', ' 732', ' 1211', ' -837', ' 429', ' 276', ' -121']",release2finger,False
15:44:14.505752,"['224', ' 671', ' 1732', ' 219', ' -220', ' 124', ' -422', ' -869', ' 1462']","[' 5558', ' 599', ' 1901', ' 637', ' 1211', ' -850', ' 506', ' 315', ' -92']",release2finger,False
15:44:14.509742,"['157', ' 702', ' 1695', ' 219', ' -220', ' 124', ' -363', ' -816', ' 1452']","[' 5453', ' 612', ' 1813', ' 644', ' 1228', ' -902', ' 552', ' 282', ' -100']",release2finger,False
15:44:14.513731,"['216', ' 555', ' 1689', ' 219', ' -220', ' 124', ' -272', ' -1048', ' 1211']","[' 5472', ' 716', ' 1789', ' 697', ' 1293', ' -949', ' 595', ' 280', ' -106']",release2finger,False
15:44:14.516728,"['65', ' 532', ' 1785', ' 219', ' -220', ' 124', ' 323', ' -1161', ' 1196']","[' 5542', ' 732', ' 1856', ' 693', ' 1281', ' -966', ' 632', ' 305', ' -86']",release2finger,False
15:44:14.520717,"['56', ' 355', ' 1836', ' 219', ' -220', ' 124', ' -639', ' -963', ' 1130']","[' 5535', ' 776', ' 1698', ' 703', ' 1265', ' -1043', ' 658', ' 334', ' -79']",release2finger,False
15:44:14.524707,"['51', ' 360', ' 1931', ' 394', ' -184', ' 204', ' -418', ' -719', ' 1087']","[' 5340', ' 769', ' 1707', ' 759', ' 1329', ' -1095', ' 683', ' 350', ' -52']",release2finger,False
15:44:14.528691,"['28', ' 283', ' 1930', ' 394', ' -184', ' 204', ' -311', ' -669', ' 1103']","[' 5213', ' 790', ' 1696', ' 854', ' 1319', ' -1176', ' 674', ' 382', ' -77']",release2finger,False
15:44:14.532682,"['4', ' 295', ' 1945', ' 394', ' -184', ' 204', ' -585', ' -688', ' 1113']","[' 5036', ' 781', ' 1621', ' 745', ' 1369', ' -1133', ' 674', ' 327', ' -128']",release2finger,False
15:44:14.536672,"['-6', ' 304', ' 1937', ' 394', ' -184', ' 204', ' -737', ' -558', ' 1148']","[' 4816', ' 751', ' 1514', ' 750', ' 1285', ' -1182', ' 652', ' 295', ' -113']",release2finger,False
15:44:14.539662,"['-7', ' 364', ' 1956', ' 394', ' -184', ' 204', ' -648', ' -561', ' 1234']","[' 4640', ' 571', ' 1445', ' 723', ' 1251', ' -1162', ' 626', ' 216', ' -162']",release2finger,False
15:44:14.543652,"['-55', ' 376', ' 1909', ' 394', ' -184', ' 204', ' -672', ' -397', ' 1322']","[' 4490', ' 428', ' 1378', ' 819', ' 1229', ' -1165', ' 634', ' 200', ' -177']",release2finger,False
15:44:14.547640,"['-64', ' 408', ' 1910', ' 394', ' -184', ' 204', ' -692', ' -511', ' 1376']","[' 4346', ' 446', ' 1293', ' 814', ' 1213', ' -1158', ' 667', ' 200', ' -169']",release2finger,False
15:44:14.551630,"['-77', ' 416', ' 1911', ' 394', ' -184', ' 204', ' -670', ' -459', ' 1457']","[' 4222', ' 372', ' 1246', ' 899', ' 1242', ' -1135', ' 670', ' 208', ' -168']",release2finger,False
15:44:14.555620,"['-111', ' 433', ' 1926', ' 394', ' -184', ' 204', ' -658', ' -358', ' 1447']","[' 4085', ' 338', ' 1183', ' 817', ' 1218', ' -1161', ' 675', ' 257', ' -107']",release2finger,False
15:44:14.559609,"['-35', ' 421', ' 1963', ' 394', ' -184', ' 204', ' -554', ' -368', ' 1436']","[' 3981', ' 292', ' 1156', ' 725', ' 1234', ' -1207', ' 693', ' 261', ' -96']",release2finger,False
15:44:14.563598,"['213', ' 405', ' 2012', ' 522', ' -172', ' 232', ' -611', ' -320', ' 1496']","[' 3803', ' 313', ' 1120', ' 740', ' 1299', ' -1206', ' 689', ' 187', ' -98']",release2finger,False
15:44:14.566590,"['931', ' 333', ' 1975', ' 522', ' -172', ' 232', ' -620', ' -409', ' 1449']","[' 3664', ' 284', ' 1070', ' 689', ' 1296', ' -1237', ' 659', ' 114', ' -95']",release2finger,False
15:44:14.570584,"['608', ' 460', ' 2179', ' 522', ' -172', ' 232', ' -742', ' -419', ' 1483']","[' 3532', ' 310', ' 1058', ' 824', ' 1387', ' -1237', ' 672', ' 188', ' -38']",release2finger,False
15:44:14.574573,"['374', ' 411', ' 2275', ' 522', ' -172', ' 232', ' -555', ' -429', ' 1614']","[' 3442', ' 198', ' 1003', ' 816', ' 1315', ' -1278', ' 634', ' 124', ' -72']",release2finger,False
15:44:14.578564,"['58', ' 184', ' 2321', ' 522', ' -172', ' 232', ' -730', ' -262', ' 1602']","[' 3396', ' 325', ' 991', ' 951', ' 1284', ' -1334', ' 613', ' 96', ' -80']",release2finger,False
15:44:14.582554,"['24', ' 150', ' 2399', ' 522', ' -172', ' 232', ' -532', ' -388', ' 1739']","[' 3199', ' 167', ' 905', ' 994', ' 1295', ' -1296', ' 592', ' 187', ' -67']",release2finger,False
15:44:14.586538,"['26', ' 187', ' 2298', ' 522', ' -172', ' 232', ' -536', ' -322', ' 1768']","[' 3047', ' 155', ' 800', ' 926', ' 1342', ' -1311', ' 545', ' 220', ' -19']",release2finger,False
15:44:14.589535,"['212', ' 269', ' 2261', ' 522', ' -172', ' 232', ' -618', ' -313', ' 1792']","[' 3002', ' 136', ' 734', ' 951', ' 1357', ' -1366', ' 522', ' 251', ' -10']",release2finger,False
15:44:14.594037,"['223', ' 294', ' 2205', ' 522', ' -172', ' 232', ' -558', ' -239', ' 1745']","[' 2856', ' 239', ' 740', ' 881', ' 1310', ' -1452', ' 483', ' 185', ' -25']",release2finger,False
15:44:14.598032,"['213', ' 339', ' 2146', ' 522', ' -172', ' 232', ' -557', ' -160', ' 1811']","[' 2741', ' 216', ' 676', ' 827', ' 1379', ' -1415', ' 433', ' 179', ' 0']",release2finger,False
15:44:14.602015,"['291', ' 390', ' 2119', ' 585', ' -208', ' 228', ' -655', ' -270', ' 1823']","[' 2599', ' 256', ' 651', ' 885', ' 1352', ' -1435', ' 400', ' 178', ' 40']",release2finger,False
15:44:14.606005,"['249', ' 413', ' 2051', ' 585', ' -208', ' 228', ' -676', ' -251', ' 1856']","[' 2529', ' 273', ' 635', ' 892', ' 1309', ' -1423', ' 368', ' 155', ' 35']",release2finger,False
15:44:14.609001,"['314', ' 421', ' 2048', ' 585', ' -208', ' 228', ' -642', ' -241', ' 1891']","[' 2519', ' 292', ' 615', ' 958', ' 1338', ' -1400', ' 345', ' 144', ' 58']",release2finger,False
15:44:14.612991,"['279', ' 397', ' 2046', ' 585', ' -208', ' 228', ' -666', ' -162', ' 1873']","[' 2470', ' 268', ' 580', ' 984', ' 1305', ' -1414', ' 286', ' 190', ' 86']",release2finger,False
15:44:14.616980,"['232', ' 397', ' 2116', ' 585', ' -208', ' 228', ' -649', ' -82', ' 1865']","[' 2380', ' 287', ' 560', ' 962', ' 1310', ' -1400', ' 264', ' 225', ' 94']",release2finger,False
15:44:14.620970,"['177', ' 379', ' 2162', ' 585', ' -208', ' 228', ' -696', ' -54', ' 1813']","[' 2288', ' 313', ' 535', ' 950', ' 1291', ' -1370', ' 245', ' 206', ' 92']",release2finger,False
15:44:14.624954,"['102', ' 327', ' 2241', ' 585', ' -208', ' 228', ' -706', ' -6', ' 1845']","[' 2212', ' 301', ' 543', ' 887', ' 1298', ' -1362', ' 236', ' 206', ' 82']",release2finger,False
15:44:14.628943,"['82', ' 293', ' 2330', ' 585', ' -208', ' 228', ' -750', ' -19', ' 1838']","[' 2155', ' 278', ' 514', ' 949', ' 1289', ' -1381', ' 229', ' 219', ' 95']",release2finger,False
15:44:14.632933,"['85', ' 287', ' 2342', ' 585', ' -208', ' 228', ' -782', ' -36', ' 1891']","[' 2086', ' 255', ' 488', ' 923', ' 1301', ' -1381', ' 220', ' 262', ' 110']",release2finger,False
15:44:14.635930,"['49', ' 348', ' 2317', ' 585', ' -208', ' 228', ' -786', ' -47', ' 1927']","[' 2044', ' 233', ' 456', ' 899', ' 1292', ' -1358', ' 213', ' 237', ' 85']",release2finger,False
15:44:14.639919,"['10', ' 395', ' 2197', ' 585', ' -208', ' 228', ' -843', ' -49', ' 1956']","[' 1991', ' 224', ' 448', ' 912', ' 1268', ' -1358', ' 226', ' 228', ' 72']",release2finger,False
15:44:14.643909,"['-3', ' 434', ' 2099', ' 645', ' -239', ' 176', ' -829', ' -81', ' 1987']","[' 1956', ' 197', ' 436', ' 889', ' 1278', ' -1356', ' 220', ' 204', ' 49']",release2finger,False
15:44:14.647897,"['-9', ' 486', ' 2049', ' 645', ' -239', ' 176', ' -874', ' -19', ' 1970']","[' 1917', ' 178', ' 430', ' 918', ' 1271', ' -1326', ' 203', ' 178', ' 33']",release2finger,False
15:44:14.651883,"['17', ' 521', ' 2015', ' 645', ' -239', ' 176', ' -998', ' 10', ' 1964']","[' 1898', ' 157', ' 416', ' 925', ' 1237', ' -1276', ' 190', ' 153', ' 20']",release2finger,False
15:44:14.655871,"['18', ' 522', ' 1996', ' 645', ' -239', ' 176', ' -842', ' 93', ' 1864']","[' 1811', ' 147', ' 396', ' 983', ' 1209', ' -1247', ' 218', ' 144', ' -15']",release2finger,False
15:44:14.658864,"['6', ' 542', ' 2029', ' 645', ' -239', ' 176', ' -784', ' 90', ' 1870']","[' 1763', ' 98', ' 363', ' 1040', ' 1177', ' -1212', ' 225', ' 138', ' -55']",release2finger,False
15:44:14.662858,"['-11', ' 529', ' 2013', ' 645', ' -239', ' 176', ' -953', ' 129', ' 1818']","[' 1666', ' 38', ' 327', ' 964', ' 1209', ' -1214', ' 244', ' 135', ' -69']",release2finger,False
15:44:14.666842,"['-32', ' 565', ' 2006', ' 645', ' -239', ' 176', ' -841', ' 181', ' 1799']","[' 1563', ' 26', ' 325', ' 897', ' 1212', ' -1241', ' 276', ' 129', ' -90']",release2finger,False
15:44:14.670832,"['-75', ' 588', ' 1964', ' 645', ' -239', ' 176', ' -822', ' 195', ' 1831']","[' 1493', ' -8', ' 297', ' 861', ' 1197', ' -1294', ' 282', ' 101', ' -126']",release2finger,False
15:44:14.674839,"['-11', ' 585', ' 1951', ' 645', ' -239', ' 176', ' -801', ' 163', ' 1838']","[' 1418', ' -25', ' 282', ' 864', ' 1251', ' -1326', ' 293', ' 80', ' -118']",release2finger,False
15:44:14.678813,"['43', ' 577', ' 1970', ' 645', ' -239', ' 176', ' -816', ' 147', ' 1887']","[' 1387', ' 7', ' 290', ' 886', ' 1278', ' -1306', ' 266', ' 67', ' -113']",release2finger,False
15:44:14.681804,"['62', ' 586', ' 1961', ' 737', ' -194', ' 77', ' -817', ' 96', ' 1909']","[' 1345', ' 10', ' 275', ' 888', ' 1250', ' -1318', ' 257', ' 56', ' -97']",release2finger,False
15:44:14.685798,"['52', ' 569', ' 1932', ' 737', ' -194', ' 77', ' -797', ' 104', ' 1942']","[' 1317', ' 24', ' 285', ' 908', ' 1279', ' -1300', ' 225', ' 73', ' -87']",release2finger,False
15:44:14.689783,"['31', ' 601', ' 1939', ' 737', ' -194', ' 77', ' -830', ' 102', ' 1939']","[' 1302', ' 19', ' 284', ' 871', ' 1265', ' -1322', ' 210', ' 61', ' -66']",release2finger,False
15:44:14.693288,"['39', ' 601', ' 1912', ' 737', ' -194', ' 77', ' -891', ' 164', ' 1860']","[' 1288', ' 27', ' 287', ' 877', ' 1267', ' -1304', ' 174', ' 58', ' -38']",release2finger,False
15:44:14.697276,"['131', ' 572', ' 1929', ' 737', ' -194', ' 77', ' -885', ' 212', ' 1810']","[' 1276', ' -36', ' 289', ' 921', ' 1281', ' -1308', ' 125', ' 13', ' -18']",release2finger,False
15:44:14.701265,"['196', ' 565', ' 1884', ' 737', ' -194', ' 77', ' -876', ' 303', ' 1722']","[' 1195', ' -45', ' 283', ' 860', ' 1220', ' -1291', ' 129', ' 88', ' 4']",release2finger,False
15:44:14.705254,"['60', ' 621', ' 1816', ' 737', ' -194', ' 77', ' -815', ' 342', ' 1700']","[' 1112', ' -64', ' 262', ' 940', ' 1207', ' -1287', ' 122', ' -7', ' -2']",release2finger,False
15:44:14.709249,"['104', ' 697', ' 1836', ' 737', ' -194', ' 77', ' -811', ' 356', ' 1703']","[' 1050', ' -68', ' 254', ' 935', ' 1276', ' -1240', ' 104', ' 29', ' 12']",release2finger,False
15:44:14.713233,"['96', ' 701', ' 1826', ' 737', ' -194', ' 77', ' -781', ' 338', ' 1701']","[' 973', ' -89', ' 237', ' 924', ' 1194', ' -1243', ' 95', ' 37', ' 26']",release2finger,False
15:44:14.717223,"['197', ' 609', ' 1885', ' 737', ' -194', ' 77', ' -786', ' 290', ' 1768']","[' 922', ' -93', ' 227', ' 945', ' 1240', ' -1221', ' 111', ' 29', ' 16']",release2finger,False
15:44:14.720220,"['195', ' 548', ' 1961', ' 737', ' -194', ' 77', ' -791', ' 256', ' 1815']","[' 890', ' -72', ' 227', ' 930', ' 1195', ' -1197', ' 103', ' 39', ' -2']",release2finger,False
15:44:14.724208,"['89', ' 581', ' 2006', ' 768', ' -146', ' 17', ' -817', ' 233', ' 1857']","[' 867', ' -82', ' 222', ' 930', ' 1162', ' -1209', ' 105', ' 24', ' -15']",release2finger,False
15:44:14.728197,"['19', ' 619', ' 1936', ' 768', ' -146', ' 17', ' -755', ' 265', ' 1874']","[' 848', ' -84', ' 221', ' 970', ' 1233', ' -1246', ' 115', ' 15', ' -20']",release2finger,False
15:44:14.732182,"['-49', ' 663', ' 1846', ' 768', ' -146', ' 17', ' -729', ' 347', ' 1837']","[' 827', ' -60', ' 217', ' 994', ' 1217', ' -1264', ' 119', ' 30', ' -20']",release2finger,False
15:44:14.736172,"['-5', ' 718', ' 1846', ' 768', ' -146', ' 17', ' -692', ' 377', ' 1763']","[' 779', ' -53', ' 208', ' 1019', ' 1277', ' -1226', ' 102', ' 44', ' -32']",release2finger,False
15:44:14.740161,"['41', ' 672', ' 1860', ' 768', ' -146', ' 17', ' -677', ' 457', ' 1735']","[' 738', ' -15', ' 204', ' 1067', ' 1227', ' -1226', ' 69', ' 52', ' -36']",release2finger,False
15:44:14.744158,"['118', ' 629', ' 1926', ' 768', ' -146', ' 17', ' -722', ' 392', ' 1720']","[' 702', ' 9', ' 216', ' 848', ' 1221', ' -1197', ' 94', ' 116', ' -21']",release2finger,False
15:44:14.747172,"['99', ' 654', ' 1925', ' 768', ' -146', ' 17', ' -733', ' 315', ' 1829']","[' 693', ' 44', ' 229', ' 930', ' 1226', ' -1231', ' 121', ' 80', ' -26']",release2finger,False
15:44:14.751146,"['216', ' 700', ' 1916', ' 768', ' -146', ' 17', ' -775', ' 280', ' 1921']","[' 671', ' 59', ' 224', ' 892', ' 1246', ' -1264', ' 75', ' 90', ' -12']",release2finger,False
15:44:14.755140,"['179', ' 679', ' 1882', ' 768', ' -146', ' 17', ' -770', ' 263', ' 1951']","[' 683', ' 18', ' 199', ' 913', ' 1211', ' -1252', ' 77', ' 73', ' -8']",release2finger,False
15:44:14.759160,"['210', ' 605', ' 1983', ' 768', ' -146', ' 17', ' -740', ' 279', ' 1932']","[' 669', ' 29', ' 180', ' 927', ' 1233', ' -1227', ' 72', ' 84', ' -36']",release2finger,False
15:44:14.763143,"['102', ' 566', ' 2078', ' 642', ' -157', ' 38', ' -749', ' 296', ' 1874']","[' 680', ' 35', ' 174', ' 917', ' 1240', ' -1235', ' 84', ' 65', ' -43']",release2finger,False
15:44:14.767133,"['75', ' 551', ' 2114', ' 642', ' -157', ' 38', ' -803', ' 353', ' 1804']","[' 680', ' 32', ' 163', ' 882', ' 1236', ' -1279', ' 68', ' 61', ' -49']",release2finger,False
15:44:14.770130,"['21', ' 552', ' 2075', ' 642', ' -157', ' 38', ' -777', ' 420', ' 1751']","[' 658', ' 26', ' 165', ' 876', ' 1268', ' -1318', ' 82', ' 12', ' -48']",release2finger,False
15:44:14.774119,"['-5', ' 635', ' 1948', ' 642', ' -157', ' 38', ' -765', ' 502', ' 1685']","[' 601', ' 27', ' 150', ' 880', ' 1288', ' -1345', ' 61', ' -21', ' -33']",release2finger,False
15:44:14.778118,"['47', ' 718', ' 1885', ' 642', ' -157', ' 38', ' -748', ' 549', ' 1631']","[' 494', ' 20', ' 128', ' 899', ' 1198', ' -1343', ' 24', ' 31', ' -23']",release2finger,False
15:44:14.782107,"['84', ' 750', ' 1824', ' 642', ' -157', ' 38', ' -739', ' 505', ' 1677']","[' 403', ' 7', ' 96', ' 865', ' 1210', ' -1299', ' 38', ' -25', ' -28']",release2finger,False
15:44:14.786092,"['166', ' 741', ' 1836', ' 642', ' -157', ' 38', ' -741', ' 409', ' 1835']","[' 346', ' 29', ' 102', ' 891', ' 1253', ' -1218', ' 41', ' -11', ' -16']",release2finger,False
15:44:14.790081,"['200', ' 663', ' 1939', ' 642', ' -157', ' 38', ' -780', ' 306', ' 1941']","[' 334', ' 35', ' 95', ' 942', ' 1205', ' -1215', ' 19', ' 4', ' -3']",release2finger,False
15:44:14.793597,"['174', ' 612', ' 2007', ' 642', ' -157', ' 38', ' -785', ' 244', ' 2016']","[' 380', ' 17', ' 96', ' 980', ' 1232', ' -1236', ' 47', ' 8', ' -8']",release2finger,False
15:44:14.797581,"['131', ' 595', ' 2042', ' 642', ' -157', ' 38', ' -780', ' 224', ' 2072']","[' 421', ' 13', ' 108', ' 989', ' 1238', ' -1288', ' 29', ' 2', ' -30']",release2finger,False
15:44:14.801570,"['80', ' 603', ' 2040', ' 642', ' -157', ' 38', ' -765', ' 250', ' 2031']","[' 463', ' 36', ' 120', ' 964', ' 1241', ' -1293', ' 17', ' 0', ' -45']",release2finger,False
15:44:14.804567,"['69', ' 600', ' 1994', ' 450', ' -137', ' 67', ' -775', ' 273', ' 1992']","[' 483', ' 39', ' 121', ' 974', ' 1240', ' -1328', ' 2', ' 6', ' -55']",release2finger,False
15:44:14.808557,"['66', ' 627', ' 2003', ' 450', ' -137', ' 67', ' -787', ' 349', ' 1920']","[' 482', ' 66', ' 143', ' 980', ' 1243', ' -1367', ' -3', ' 8', ' -53']",release2finger,False
15:44:14.812313,"['96', ' 622', ' 1983', ' 450', ' -137', ' 67', ' -824', ' 404', ' 1844']","[' 458', ' 72', ' 155', ' 1025', ' 1295', ' -1323', ' -9', ' 5', ' -53']",release2finger,False
15:44:14.816309,"['124', ' 648', ' 2031', ' 450', ' -137', ' 67', ' -832', ' 446', ' 1799']","[' 419', ' 74', ' 162', ' 1058', ' 1264', ' -1325', ' -43', ' 52', ' -62']",release2finger,False
15:44:14.820299,"['106', ' 573', ' 2041', ' 450', ' -137', ' 67', ' -878', ' 396', ' 1855']","[' 374', ' 60', ' 157', ' 917', ' 1204', ' -1293', ' -33', ' 51', ' -70']",release2finger,False
15:44:14.824291,"['61', ' 649', ' 2031', ' 450', ' -137', ' 67', ' -868', ' 379', ' 1874']","[' 348', ' 27', ' 168', ' 943', ' 1251', ' -1300', ' -45', ' 30', ' -79']",release2finger,False
15:44:14.828272,"['36', ' 648', ' 1996', ' 450', ' -137', ' 67', ' -882', ' 368', ' 1895']","[' 331', ' 21', ' 164', ' 866', ' 1274', ' -1300', ' -73', ' 15', ' -78']",release2finger,False
15:44:14.832262,"['42', ' 666', ' 1949', ' 450', ' -137', ' 67', ' -825', ' 380', ' 1895']","[' 327', ' -10', ' 154', ' 873', ' 1221', ' -1317', ' -59', ' -30', ' -82']",release2finger,False
15:44:14.836251,"['70', ' 682', ' 1931', ' 450', ' -137', ' 67', ' -790', ' 416', ' 1866']","[' 306', ' -10', ' 146', ' 881', ' 1253', ' -1295', ' -66', ' -55', ' -91']",release2finger,False
15:44:14.839248,"['48', ' 695', ' 1957', ' 450', ' -137', ' 67', ' -800', ' 430', ' 1841']","[' 272', ' -16', ' 139', ' 896', ' 1265', ' -1275', ' -86', ' -65', ' -88']",release2finger,False
15:44:14.843237,"['62', ' 629', ' 2000', ' 328', ' -86', ' 63', ' -823', ' 507', ' 1863']","[' 240', ' -40', ' 128', ' 968', ' 1229', ' -1273', ' -104', ' -96', ' -93']",release2finger,False
15:44:14.847226,"['51', ' 609', ' 2018', ' 328', ' -86', ' 63', ' -816', ' 465', ' 1865']","[' 208', ' -56', ' 119', ' 921', ' 1177', ' -1255', ' -80', ' -74', ' -90']",release2finger,False
15:44:14.851215,"['-4', ' 701', ' 2040', ' 328', ' -86', ' 63', ' -779', ' 475', ' 1888']","[' 193', ' -74', ' 104', ' 1007', ' 1217', ' -1232', ' -54', ' -83', ' -97']",release2finger,False
15:44:14.855200,"['94', ' 700', ' 1975', ' 328', ' -86', ' 63', ' -763', ' 456', ' 1863']","[' 184', ' -65', ' 99', ' 1000', ' 1252', ' -1231', ' -72', ' -59', ' -100']",release2finger,False
15:44:14.859189,"['169', ' 722', ' 1928', ' 328', ' -86', ' 63', ' -718', ' 426', ' 1896']","[' 181', ' -68', ' 97', ' 970', ' 1216', ' -1287', ' -59', ' -55', ' -104']",release2finger,False
15:44:14.863179,"['198', ' 762', ' 1852', ' 328', ' -86', ' 63', ' -710', ' 401', ' 1954']","[' 202', ' -31', ' 119', ' 920', ' 1251', ' -1293', ' -47', ' -25', ' -87']",release2finger,False
15:44:14.866171,"['205', ' 848', ' 1819', ' 328', ' -86', ' 63', ' -695', ' 407', ' 1955']","[' 225', ' 7', ' 133', ' 881', ' 1273', ' -1283', ' -66', ' -9', ' -67']",release2finger,False
15:44:14.870163,"['255', ' 802', ' 1820', ' 328', ' -86', ' 63', ' -690', ' 435', ' 1915']","[' 215', ' 35', ' 140', ' 888', ' 1244', ' -1267', ' -80', ' -6', ' -59']",release2finger,False
15:44:14.874150,"['299', ' 793', ' 1831', ' 328', ' -86', ' 63', ' -680', ' 439', ' 1917']","[' 222', ' 55', ' 140', ' 946', ' 1237', ' -1238', ' -92', ' -23', ' -48']",release2finger,False
15:44:14.878148,"['309', ' 771', ' 1873', ' 328', ' -86', ' 63', ' -724', ' 545', ' 1838']","[' 196', ' 87', ' 116', ' 882', ' 1232', ' -1217', ' -83', ' 34', ' -36']",release2finger,False
15:44:14.882138,"['226', ' 779', ' 1820', ' 328', ' -86', ' 63', ' -744', ' 541', ' 1787']","[' 150', ' 53', ' 94', ' 887', ' 1220', ' -1225', ' -78', ' -13', ' -38']",release2finger,False
15:44:14.886127,"['212', ' 807', ' 1859', ' 286', ' -64', ' 50', ' -678', ' 574', ' 1805']","[' 78', ' 70', ' 83', ' 918', ' 1236', ' -1226', ' -70', ' 1', ' -39']",release2finger,False
15:44:14.890117,"['159', ' 810', ' 1852', ' 286', ' -64', ' 50', ' -699', ' 553', ' 1752']","[' 48', ' 79', ' 58', ' 872', ' 1228', ' -1232', ' -71', ' 8', ' -30']",release2finger,False
15:44:14.893627,"['159', ' 813', ' 1831', ' 286', ' -64', ' 50', ' -703', ' 597', ' 1756']","[' 12', ' 58', ' 39', ' 861', ' 1187', ' -1212', ' -57', ' 24', ' -17']",release2finger,False
15:44:14.897617,"['129', ' 825', ' 1787', ' 286', ' -64', ' 50', ' -703', ' 579', ' 1747']","[' -40', ' 82', ' 31', ' 802', ' 1170', ' -1166', ' -43', ' 0', ' -25']",release2finger,False
15:44:14.901605,"['69', ' 867', ' 1734', ' 286', ' -64', ' 50', ' -726', ' 536', ' 1766']","[' -72', ' 94', ' 32', ' 783', ' 1195', ' -1192', ' -17', ' 7', ' -5']",release2finger,False
15:44:14.905596,"['115', ' 897', ' 1740', ' 286', ' -64', ' 50', ' -733', ' 492', ' 1827']","[' -92', ' 93', ' 41', ' 780', ' 1196', ' -1219', ' -17', ' -19', ' 10']",release2finger,False
15:44:14.909584,"['179', ' 858', ' 1693', ' 286', ' -64', ' 50', ' -743', ' 485', ' 1840']","[' -92', ' 93', ' 23', ' 786', ' 1217', ' -1195', ' 16', ' 0', ' 30']",release2finger,False
15:44:14.912582,"['186', ' 841', ' 1737', ' 286', ' -64', ' 50', ' -759', ' 500', ' 1810']","[' -100', ' 72', ' 2', ' 806', ' 1210', ' -1179', ' 3', ' -15', ' 37']",release2finger,False
15:44:14.916570,"['143', ' 796', ' 1757', ' 286', ' -64', ' 50', ' -738', ' 522', ' 1799']","[' -100', ' 84', ' 0', ' 861', ' 1179', ' -1194', ' 23', ' -40', ' 10']",release2finger,False
15:44:14.920561,"['88', ' 755', ' 1798', ' 286', ' -64', ' 50', ' -741', ' 483', ' 1822']","[' -115', ' 61', ' -2', ' 853', ' 1203', ' -1187', ' 40', ' -61', ' -3']",release2finger,False
15:44:14.924549,"['110', ' 648', ' 1928', ' 228', ' -49', ' 50', ' -764', ' 434', ' 1839']","[' -105', ' 60', ' -16', ' 870', ' 1222', ' -1194', ' 36', ' -48', ' -7']",release2finger,False
15:44:14.928539,"['115', ' 592', ' 2041', ' 228', ' -49', ' 50', ' -779', ' 389', ' 1901']","[' -69', ' 33', ' -21', ' 846', ' 1220', ' -1207', ' 41', ' -37', ' 8']",release2finger,False
15:44:14.932523,"['129', ' 591', ' 2082', ' 228', ' -49', ' 50', ' -759', ' 392', ' 1922']","[' -48', ' 9', ' -21', ' 861', ' 1232', ' -1228', ' 45', ' -38', ' 12']",release2finger,False
15:44:14.936514,"['144', ' 612', ' 1999', ' 228', ' -49', ' 50', ' -732', ' 384', ' 1913']","[' -28', ' 15', ' 0', ' 880', ' 1234', ' -1295', ' 33', ' -41', ' 4']",release2finger,False
15:44:14.939504,"['129', ' 641', ' 1949', ' 228', ' -49', ' 50', ' -745', ' 349', ' 1936']","[' -1', ' 50', ' 9', ' 913', ' 1248', ' -1274', ' 37', ' -60', ' -6']",release2finger,False
15:44:14.943494,"['158', ' 660', ' 1912', ' 228', ' -49', ' 50', ' -721', ' 352', ' 1950']","[' 23', ' 58', ' 21', ' 960', ' 1247', ' -1268', ' 18', ' -56', ' -19']",release2finger,False
15:44:14.947483,"['189', ' 669', ' 1918', ' 228', ' -49', ' 50', ' -749', ' 376', ' 1936']","[' 30', ' 79', ' 33', ' 970', ' 1232', ' -1248', ' 10', ' -33', ' -26']",release2finger,False
15:44:14.951482,"['181', ' 656', ' 1971', ' 228', ' -49', ' 50', ' -733', ' 435', ' 1899']","[' 33', ' 86', ' 26', ' 949', ' 1239', ' -1260', ' 7', ' -1', ' -22']",release2finger,False
15:44:14.955462,"['182', ' 644', ' 1973', ' 228', ' -49', ' 50', ' -738', ' 445', ' 1844']","[' 24', ' 76', ' 24', ' 896', ' 1236', ' -1261', ' -2', ' 8', ' -23']",release2finger,False
15:44:14.959451,"['166', ' 654', ' 1971', ' 228', ' -49', ' 50', ' -769', ' 464', ' 1835']","[' 12', ' 58', ' 11', ' 853', ' 1251', ' -1276', ' -7', ' -6', ' -24']",release2finger,False
15:44:14.963440,"['158', ' 694', ' 1947', ' 63', ' -15', ' 46', ' -781', ' 459', ' 1867']","[' -8', ' 48', ' 4', ' 870', ' 1241', ' -1312', ' -4', ' -27', ' -31']",release2finger,False
15:44:14.966437,"['146', ' 710', ' 1927', ' 63', ' -15', ' 46', ' -793', ' 420', ' 1911']","[' -24', ' 50', ' 1', ' 867', ' 1269', ' -1336', ' -12', ' -35', ' -39']",release2finger,False
15:44:14.970427,"['121', ' 698', ' 1922', ' 63', ' -15', ' 46', ' -808', ' 391', ' 1948']","[' -19', ' 44', ' 6', ' 850', ' 1258', ' -1337', ' -21', ' -45', ' -26']",release2finger,False
15:44:14.974416,"['129', ' 675', ' 1955', ' 63', ' -15', ' 46', ' -824', ' 396', ' 1947']","[' -11', ' 38', ' 18', ' 853', ' 1224', ' -1288', ' -47', ' -51', ' -13']",release2finger,False
15:44:14.978414,"['135', ' 643', ' 2014', ' 63', ' -15', ' 46', ' -819', ' 411', ' 1916']","[' -14', ' 30', ' 24', ' 851', ' 1232', ' -1282', ' -40', ' -57', ' -13']",release2finger,False
15:44:14.982404,"['123', ' 622', ' 2025', ' 63', ' -15', ' 46', ' -793', ' 438', ' 1897']","[' -18', ' 22', ' 19', ' 883', ' 1248', ' -1306', ' -39', ' -81', ' -1']",release2finger,False
15:44:14.986389,"['77', ' 617', ' 2029', ' 63', ' -15', ' 46', ' -781', ' 443', ' 1882']","[' -24', ' 11', ' 23', ' 907', ' 1257', ' -1345', ' -50', ' -87', ' 2']",release2finger,False
15:44:14.990378,"['42', ' 643', ' 2012', ' 63', ' -15', ' 46', ' -773', ' 459', ' 1872']","[' -35', ' 10', ' 24', ' 921', ' 1261', ' -1339', ' -66', ' -79', ' -4']",release2finger,False
15:44:14.993892,"['42', ' 651', ' 1987', ' 63', ' -15', ' 46', ' -784', ' 489', ' 1839']","[' -43', ' 10', ' 13', ' 999', ' 1236', ' -1300', ' -66', ' -75', ' 0']",release2finger,False
15:44:14.997881,"['78', ' 667', ' 1987', ' 63', ' -15', ' 46', ' -792', ' 489', ' 1846']","[' -71', ' 27', ' 44', ' 1009', ' 1223', ' -1237', ' -74', ' -58', ' -15']",release2finger,False
15:44:15.001866,"['139', ' 648', ' 1975', ' 63', ' -15', ' 46', ' -807', ' 477', ' 1845']","[' -85', ' 23', ' 63', ' 981', ' 1195', ' -1210', ' -58', ' -17', ' -16']",pinch3finger,True
15:44:15.005856,"['168', ' 660', ' 1979', ' -105', ' 3', ' 34', ' -818', ' 492', ' 1815']","[' -96', ' 25', ' 60', ' 949', ' 1196', ' -1200', ' -41', ' -25', ' -15']",pinch3finger,True
15:44:15.009844,"['177', ' 665', ' 2004', ' -105', ' 3', ' 34', ' -815', ' 498', ' 1801']","[' -121', ' 5', ' 75', ' 898', ' 1216', ' -1230', ' -16', ' -8', ' -32']",pinch3finger,True
15:44:15.013835,"['161', ' 680', ' 1952', ' -105', ' 3', ' 34', ' -806', ' 537', ' 1787']","[' -138', ' -8', ' 75', ' 876', ' 1231', ' -1254', ' -15', ' -20', ' -35']",pinch3finger,True
15:44:15.016831,"['128', ' 695', ' 1934', ' -105', ' 3', ' 34', ' -784', ' 509', ' 1788']","[' -172', ' -22', ' 61', ' 856', ' 1243', ' -1255', ' -14', ' -8', ' -21']",pinch3finger,True
15:44:15.020820,"['121', ' 680', ' 1904', ' -105', ' 3', ' 34', ' -760', ' 493', ' 1815']","[' -198', ' -27', ' 57', ' 855', ' 1246', ' -1274', ' -22', ' -11', ' -11']",pinch3finger,True
15:44:15.024809,"['132', ' 713', ' 1883', ' -105', ' 3', ' 34', ' -769', ' 453', ' 1839']","[' -211', ' -37', ' 53', ' 860', ' 1240', ' -1250', ' -32', ' -30', ' -11']",pinch3finger,True
15:44:15.028799,"['137', ' 696', ' 1880', ' -105', ' 3', ' 34', ' -801', ' 368', ' 1945']","[' -203', ' -49', ' 48', ' 899', ' 1214', ' -1168', ' -35', ' -47', ' -18']",pinch3finger,True
15:44:15.032783,"['120', ' 691', ' 1892', ' -105', ' 3', ' 34', ' -831', ' 284', ' 2048']","[' -159', ' -47', ' 56', ' 909', ' 1193', ' -1146', ' -23', ' -59', ' -32']",pinch3finger,True
15:44:15.036773,"['121', ' 678', ' 1898', ' -105', ' 3', ' 34', ' -836', ' 277', ' 2036']","[' -113', ' -68', ' 72', ' 928', ' 1216', ' -1164', ' 5', ' -53', ' -41']",pinch3finger,True
15:44:15.040762,"['150', ' 662', ' 1913', ' -105', ' 3', ' 34', ' -787', ' 353', ' 1956']","[' -62', ' -75', ' 78', ' 917', ' 1246', ' -1212', ' 6', ' -48', ' -44']",pinch3finger,True
15:44:15.043754,"['135', ' 660', ' 1948', ' -141', ' -1', ' 37', ' -779', ' 452', ' 1861']","[' -49', ' -73', ' 71', ' 904', ' 1245', ' -1232', ' -6', ' -46', ' -46']",pinch3finger,True
15:44:15.047743,"['126', ' 689', ' 1935', ' -141', ' -1', ' 37', ' -767', ' 514', ' 1778']","[' -76', ' -70', ' 69', ' 875', ' 1264', ' -1278', ' -5', ' -54', ' -43']",pinch3finger,True
15:44:15.051732,"['137', ' 715', ' 1903', ' -141', ' -1', ' 37', ' -774', ' 581', ' 1723']","[' -141', ' -65', ' 60', ' 853', ' 1256', ' -1291', ' -12', ' -63', ' -29']",pinch3finger,True
15:44:15.055722,"['132', ' 747', ' 1896', ' -141', ' -1', ' 37', ' -757', ' 613', ' 1708']","[' -232', ' -88', ' 30', ' 845', ' 1266', ' -1285', ' -26', ' -69', ' -23']",pinch3finger,True
15:44:15.059711,"['115', ' 731', ' 1882', ' -141', ' -1', ' 37', ' -757', ' 568', ' 1750']","[' -292', ' -85', ' 5', ' 808', ' 1302', ' -1328', ' -51', ' -80', ' 5']",pinch3finger,True
15:44:15.063705,"['80', ' 694', ' 1882', ' -141', ' -1', ' 37', ' -793', ' 468', ' 1826']","[' -321', ' -95', ' -8', ' 851', ' 1291', ' -1273', ' -89', ' -134', ' 29']",pinch3finger,True
15:44:15.067690,"['114', ' 687', ' 1918', ' -141', ' -1', ' 37', ' -820', ' 351', ' 1870']","[' -306', ' -107', ' 9', ' 929', ' 1221', ' -1194', ' -84', ' -26', ' 45']",pinch3finger,True
15:44:15.071685,"['128', ' 625', ' 1950', ' -141', ' -1', ' 37', ' -827', ' 362', ' 1944']","[' -279', ' -84', ' 37', ' 912', ' 1185', ' -1177', ' -30', ' -81', ' 21']",pinch3finger,True
15:44:15.075668,"['135', ' 607', ' 2002', ' -141', ' -1', ' 37', ' -815', ' 359', ' 1949']","[' -257', ' -97', ' 35', ' 889', ' 1224', ' -1188', ' -17', ' -53', ' -8']",pinch3finger,True
15:44:15.079659,"['147', ' 564', ' 2082', ' -141', ' -1', ' 37', ' -803', ' 374', ' 1907']","[' -244', ' -129', ' 39', ' 884', ' 1232', ' -1245', ' -41', ' -89', ' -13']",pinch3finger,True
15:44:15.082652,"['106', ' 546', ' 2076', ' -141', ' -1', ' 37', ' -790', ' 411', ' 1909']","[' -251', ' -124', ' 44', ' 855', ' 1276', ' -1276', ' -11', ' -84', ' -10']",pinch3finger,True
15:44:15.086647,"['65', ' 569', ' 2083', ' -142', ' 0', ' 56', ' -818', ' 404', ' 1893']","[' -251', ' -125', ' 37', ' 898', ' 1275', ' -1308', ' -40', ' -94', ' 10']",pinch3finger,True
15:44:15.090631,"['56', ' 585', ' 2049', ' -142', ' 0', ' 56', ' -763', ' 383', ' 1896']","[' -245', ' -138', ' 38', ' 929', ' 1254', ' -1289', ' -50', ' -88', ' -6']",pinch3finger,True
15:44:15.095131,"['61', ' 624', ' 2002', ' -142', ' 0', ' 56', ' -736', ' 376', ' 1920']","[' -225', ' -122', ' 46', ' 966', ' 1223', ' -1256', ' -52', ' -108', ' -24']",pinch3finger,True
15:44:15.099122,"['88', ' 648', ' 1969', ' -142', ' 0', ' 56', ' -747', ' 397', ' 1931']","[' -224', ' -91', ' 61', ' 1009', ' 1238', ' -1231', ' -30', ' -100', ' -48']",pinch3finger,False
15:44:15.102113,"['114', ' 638', ' 1966', ' -142', ' 0', ' 56', ' -755', ' 405', ' 1895']","[' -231', ' -77', ' 60', ' 992', ' 1250', ' -1231', ' -43', ' -83', ' -62']",pinch3finger,False
15:44:15.106108,"['168', ' 610', ' 1987', ' -142', ' 0', ' 56', ' -756', ' 415', ' 1890']","[' -232', ' -66', ' 71', ' 940', ' 1242', ' -1256', ' -41', ' -66', ' -69']",pinch3finger,False
15:44:15.110092,"['152', ' 590', ' 1999', ' -142', ' 0', ' 56', ' -787', ' 433', ' 1881']","[' -250', ' -43', ' 79', ' 937', ' 1280', ' -1297', ' -35', ' -61', ' -50']",pinch3finger,False
15:44:15.114086,"['144', ' 621', ' 1978', ' -142', ' 0', ' 56', ' -779', ' 476', ' 1847']","[' -279', ' -47', ' 81', ' 926', ' 1272', ' -1324', ' -62', ' -43', ' -39']",pinch3finger,False
15:44:15.118076,"['110', ' 638', ' 1970', ' -142', ' 0', ' 56', ' -774', ' 476', ' 1823']","[' -315', ' -51', ' 75', ' 923', ' 1256', ' -1315', ' -62', ' -35', ' -32']",pinch3finger,False
15:44:15.122066,"['92', ' 662', ' 1938', ' -142', ' 0', ' 56', ' -810', ' 497', ' 1769']","[' -353', ' -64', ' 81', ' 933', ' 1256', ' -1295', ' -58', ' -52', ' -37']",pinch3finger,False
15:44:15.126049,"['106', ' 641', ' 1945', ' -192', ' 5', ' 60', ' -819', ' 460', ' 1813']","[' -383', ' -61', ' 90', ' 901', ' 1276', ' -1279', ' -74', ' -53', ' -50']",pinch3finger,False
15:44:15.130039,"['83', ' 633', ' 1936', ' -192', ' 5', ' 60', ' -799', ' 442', ' 1845']","[' -412', ' -71', ' 91', ' 870', ' 1261', ' -1279', ' -86', ' -50', ' -46']",pinch3finger,False
15:44:15.134028,"['101', ' 654', ' 1922', ' -192', ' 5', ' 60', ' -782', ' 455', ' 1863']","[' -429', ' -100', ' 80', ' 839', ' 1259', ' -1256', ' -83', ' -48', ' -35']",pinch3finger,False
15:44:15.137025,"['89', ' 678', ' 1918', ' -192', ' 5', ' 60', ' -743', ' 466', ' 1837']","[' -472', ' -102', ' 69', ' 801', ' 1256', ' -1278', ' -82', ' -75', ' -18']",pinch3finger,False
15:44:15.141019,"['91', ' 689', ' 1880', ' -192', ' 5', ' 60', ' -757', ' 471', ' 1829']","[' -498', ' -98', ' 53', ' 763', ' 1266', ' -1264', ' -89', ' -96', ' -16']",pinch3finger,False
15:44:15.145017,"['95', ' 686', ' 1862', ' -192', ' 5', ' 60', ' -780', ' 427', ' 1838']","[' -512', ' -105', ' 58', ' 771', ' 1293', ' -1305', ' -99', ' -124', ' -4']",pinch3finger,False
15:44:15.149026,"['91', ' 660', ' 1881', ' -192', ' 5', ' 60', ' -785', ' 380', ' 1895']","[' -531', ' -106', ' 46', ' 781', ' 1280', ' -1307', ' -119', ' -132', ' 32']",pinch3finger,False
15:44:15.153017,"['102', ' 620', ' 1903', ' -192', ' 5', ' 60', ' -770', ' 337', ' 1909']","[' -525', ' -119', ' 46', ' 805', ' 1262', ' -1259', ' -144', ' -141', ' 38']",pinch3finger,False
15:44:15.157004,"['141', ' 590', ' 1931', ' -192', ' 5', ' 60', ' -786', ' 306', ' 1923']","[' -507', ' -150', ' 49', ' 870', ' 1266', ' -1251', ' -154', ' -161', ' 47']",pinch3finger,False
15:44:15.160536,"['137', ' 539', ' 1975', ' -192', ' 5', ' 60', ' -801', ' 258', ' 1959']","[' -494', ' -150', ' 57', ' 897', ' 1278', ' -1260', ' -163', ' -166', ' 34']",pinch3finger,False
15:44:15.164543,"['154', ' 466', ' 2026', ' -250', ' 9', ' 65', ' -802', ' 220', ' 1998']","[' -452', ' -163', ' 57', ' 896', ' 1332', ' -1250', ' -183', ' -161', ' 35']",pinch3finger,False
15:44:15.168540,"['196', ' 471', ' 2080', ' -250', ' 9', ' 65', ' -768', ' 217', ' 2010']","[' -410', ' -195', ' 69', ' 1042', ' 1311', ' -1267', ' -233', ' -182', ' 52']",pinch3finger,False
15:44:15.172529,"['102', ' 424', ' 2085', ' -250', ' 9', ' 65', ' -670', ' 156', ' 2029']","[' -389', ' -148', ' 103', ' 823', ' 1137', ' -1301', ' -208', ' -140', ' 33']",pinch3finger,False
15:44:15.176519,"['129', ' 444', ' 2106', ' -250', ' 9', ' 65', ' -781', ' 253', ' 2035']","[' -327', ' -146', ' 109', ' 845', ' 1285', ' -1273', ' -211', ' -115', ' 52']",pinch3finger,False
15:44:15.179517,"['123', ' 466', ' 2062', ' -250', ' 9', ' 65', ' -810', ' 270', ' 1996']","[' -323', ' -203', ' 94', ' 839', ' 1257', ' -1295', ' -238', ' -202', ' -5']",pinch3finger,False
15:44:15.183507,"['113', ' 512', ' 2049', ' -250', ' 9', ' 65', ' -710', ' 317', ' 1938']","[' -325', ' -180', ' 104', ' 913', ' 1241', ' -1312', ' -243', ' -235', ' -12']",pinch3finger,False
15:44:15.187496,"['148', ' 524', ' 2031', ' -250', ' 9', ' 65', ' -717', ' 343', ' 1917']","[' -336', ' -134', ' 134', ' 888', ' 1296', ' -1308', ' -235', ' -174', ' 2']",pinch3finger,False
15:44:15.191989,"['121', ' 552', ' 1986', ' -250', ' 9', ' 65', ' -743', ' 366', ' 1905']","[' -358', ' -146', ' 105', ' 911', ' 1269', ' -1311', ' -269', ' -137', ' 39']",pinch3finger,False
15:44:15.195980,"['156', ' 580', ' 1940', ' -250', ' 9', ' 65', ' -736', ' 409', ' 1875']","[' -381', ' -157', ' 111', ' 830', ' 1258', ' -1310', ' -273', ' -151', ' 46']",pinch3finger,False
15:44:15.198977,"['163', ' 594', ' 1940', ' -250', ' 9', ' 65', ' -798', ' 421', ' 1878']","[' -400', ' -147', ' 116', ' 844', ' 1261', ' -1316', ' -260', ' -182', ' 39']",pinch3finger,False
15:44:15.202962,"['145', ' 614', ' 1957', ' -250', ' 9', ' 65', ' -729', ' 441', ' 1832']","[' -449', ' -147', ' 125', ' 830', ' 1287', ' -1300', ' -269', ' -189', ' 37']",pinch3finger,False
15:44:15.206956,"['155', ' 625', ' 1951', ' -317', ' 14', ' 81', ' -748', ' 444', ' 1827']","[' -486', ' -152', ' 118', ' 862', ' 1270', ' -1281', ' -280', ' -213', ' 51']",pinch3finger,False
15:44:15.210945,"['127', ' 594', ' 1983', ' -317', ' 14', ' 81', ' -721', ' 437', ' 1863']","[' -513', ' -154', ' 113', ' 867', ' 1252', ' -1226', ' -263', ' -204', ' 50']",pinch3finger,False
15:44:15.214935,"['116', ' 580', ' 1986', ' -317', ' 14', ' 81', ' -723', ' 432', ' 1881']","[' -531', ' -171', ' 106', ' 907', ' 1191', ' -1179', ' -243', ' -198', ' 53']",pinch3finger,False
15:44:15.218919,"['172', ' 597', ' 1980', ' -317', ' 14', ' 81', ' -724', ' 456', ' 1900']","[' -548', ' -195', ' 90', ' 971', ' 1195', ' -1124', ' -241', ' -202', ' 50']",pinch3finger,False
15:44:15.222908,"['201', ' 577', ' 1980', ' -317', ' 14', ' 81', ' -617', ' 432', ' 1883']","[' -566', ' -214', ' 99', ' 877', ' 1215', ' -1120', ' -189', ' -118', ' 39']",pinch3finger,False
15:44:15.226898,"['170', ' 588', ' 1952', ' -317', ' 14', ' 81', ' -682', ' 427', ' 1844']","[' -573', ' -157', ' 114', ' 839', ' 1220', ' -1152', ' -128', ' -135', ' 40']",pinch3finger,False
15:44:15.229895,"['240', ' 593', ' 1928', ' -317', ' 14', ' 81', ' -615', ' 437', ' 1859']","[' -589', ' -159', ' 95', ' 777', ' 1282', ' -1236', ' -107', ' -170', ' 2']",pinch3finger,False
15:44:15.233884,"['207', ' 606', ' 1902', ' -317', ' 14', ' 81', ' -522', ' 500', ' 1851']","[' -629', ' -221', ' 56', ' 759', ' 1297', ' -1339', ' -116', ' -198', ' 15']",pinch3finger,False
15:44:15.237873,"['174', ' 570', ' 1893', ' -317', ' 14', ' 81', ' -697', ' 346', ' 1892']","[' -633', ' -110', ' 115', ' 774', ' 1364', ' -1308', ' -137', ' -166', ' 71']",pinch3finger,False
15:44:15.241862,"['187', ' 510', ' 1932', ' -317', ' 14', ' 81', ' -648', ' 262', ' 1964']","[' -610', ' -128', ' 93', ' 742', ' 1310', ' -1255', ' -185', ' -133', ' 113']",pinch3finger,False
15:44:15.245852,"['190', ' 529', ' 1959', ' -391', ' 13', ' 85', ' -741', ' 150', ' 1976']","[' -586', ' -155', ' 81', ' 690', ' 1304', ' -1257', ' -189', ' -146', ' 124']",pinch3finger,False
15:44:15.249114,"['176', ' 486', ' 1955', ' -391', ' 13', ' 85', ' -689', ' 188', ' 2020']","[' -552', ' -159', ' 84', ' 768', ' 1351', ' -1313', ' -196', ' -213', ' 144']",pinch3finger,False
15:44:15.253064,"['194', ' 479', ' 1961', ' -391', ' 13', ' 85', ' -661', ' 180', ' 1958']","[' -538', ' -151', ' 105', ' 727', ' 1374', ' -1331', ' -236', ' -234', ' 141']",pinch3finger,False
15:44:15.257053,"['115', ' 435', ' 1987', ' -391', ' 13', ' 85', ' -710', ' 182', ' 1938']","[' -545', ' -123', ' 105', ' 792', ' 1319', ' -1358', ' -280', ' -238', ' 160']",pinch3finger,False
15:44:15.261042,"['142', ' 299', ' 2053', ' -391', ' 13', ' 85', ' -761', ' 153', ' 1943']","[' -535', ' -120', ' 110', ' 874', ' 1290', ' -1354', ' -288', ' -266', ' 128']",pinch3finger,False
15:44:15.265033,"['74', ' 259', ' 2148', ' -391', ' 13', ' 85', ' -802', ' 98', ' 2029']","[' -509', ' -166', ' 103', ' 923', ' 1316', ' -1317', ' -323', ' -322', ' 98']",pinch3finger,False
15:44:15.269018,"['70', ' 198', ' 2241', ' -391', ' 13', ' 85', ' -882', ' 22', ' 2120']","[' -471', ' -205', ' 114', ' 972', ' 1284', ' -1292', ' -349', ' -293', ' 94']",pinch3finger,False
15:44:15.273007,"['65', ' 210', ' 2279', ' -391', ' 13', ' 85', ' -844', ' 23', ' 2159']","[' -425', ' -227', ' 135', ' 988', ' 1254', ' -1274', ' -369', ' -252', ' 93']",pinch3finger,False
15:44:15.276995,"['28', ' 248', ' 2272', ' -391', ' 13', ' 85', ' -830', ' 65', ' 2120']","[' -377', ' -256', ' 150', ' 1024', ' 1245', ' -1267', ' -366', ' -243', ' 63']",pinch3finger,False
15:44:15.279990,"['17', ' 281', ' 2229', ' -391', ' 13', ' 85', ' -728', ' 132', ' 2080']","[' -354', ' -258', ' 158', ' 986', ' 1292', ' -1274', ' -348', ' -258', ' 27']",pinch3finger,False
15:44:15.283980,"['44', ' 320', ' 2180', ' -450', ' 25', ' 81', ' -711', ' 220', ' 1974']","[' -367', ' -243', ' 179', ' 1021', ' 1281', ' -1318', ' -350', ' -265', ' 6']",pinch3finger,False
15:44:15.287969,"['32', ' 413', ' 2106', ' -450', ' 25', ' 81', ' -696', ' 279', ' 1894']","[' -413', ' -200', ' 181', ' 917', ' 1351', ' -1386', ' -363', ' -301', ' -25']",pinch3finger,False
15:44:15.292463,"['91', ' 430', ' 2066', ' -450', ' 25', ' 81', ' -685', ' 376', ' 1858']","[' -480', ' -207', ' 166', ' 1009', ' 1366', ' -1396', ' -365', ' -260', ' 12']",pinch3finger,False
15:44:15.296454,"['141', ' 492', ' 2001', ' -450', ' 25', ' 81', ' -690', ' 409', ' 1795']","[' -547', ' -184', ' 175', ' 859', ' 1342', ' -1408', ' -420', ' -241', ' 5']",pinch3finger,False
15:44:15.299450,"['175', ' 496', ' 1966', ' -450', ' 25', ' 81', ' -698', ' 395', ' 1789']","[' -621', ' -171', ' 165', ' 855', ' 1389', ' -1407', ' -446', ' -288', ' 9']",pinch3finger,False
15:44:15.303440,"['228', ' 490', ' 1939', ' -450', ' 25', ' 81', ' -662', ' 390', ' 1781']","[' -712', ' -194', ' 163', ' 829', ' 1376', ' -1385', ' -480', ' -248', ' 35']",pinch3finger,False
15:44:15.307430,"['207', ' 509', ' 1935', ' -450', ' 25', ' 81', ' -681', ' 394', ' 1789']","[' -809', ' -164', ' 150', ' 808', ' 1342', ' -1382', ' -493', ' -294', ' 56']",pinch3finger,False
15:44:15.311418,"['218', ' 486', ' 1911', ' -450', ' 25', ' 81', ' -660', ' 402', ' 1769']","[' -917', ' -181', ' 110', ' 818', ' 1369', ' -1310', ' -530', ' -295', ' 71']",pinch3finger,False
15:44:15.315560,"['185', ' 522', ' 1927', ' -450', ' 25', ' 81', ' -618', ' 426', ' 1748']","[' -1022', ' -172', ' 92', ' 844', ' 1388', ' -1325', ' -574', ' -340', ' 66']",pinch3finger,False
15:44:15.319552,"['60', ' 478', ' 1885', ' -450', ' 25', ' 81', ' -542', ' 326', ' 1713']","[' -1156', ' -137', ' 70', ' 818', ' 1361', ' -1344', ' -606', ' -357', ' 87']",pinch3finger,False
15:44:15.323541,"['372', ' 601', ' 1903', ' -450', ' 25', ' 81', ' -687', ' 325', ' 1762']","[' -1226', ' -151', ' 46', ' 789', ' 1395', ' -1263', ' -606', ' -316', ' 124']",pinch3finger,False
15:44:15.326537,"['275', ' 493', ' 1906', ' -467', ' 37', ' 73', ' -645', ' 227', ' 1823']","[' -1284', ' -161', ' 30', ' 761', ' 1364', ' -1287', ' -653', ' -344', ' 119']",pinch3finger,False
15:44:15.330523,"['182', ' 477', ' 1881', ' -467', ' 37', ' 73', ' -702', ' 194', ' 1925']","[' -1310', ' -169', ' 18', ' 740', ' 1327', ' -1285', ' -665', ' -360', ' 119']",pinch3finger,False
15:44:15.334513,"['198', ' 449', ' 1944', ' -467', ' 37', ' 73', ' -684', ' 83', ' 1981']","[' -1300', ' -144', ' 31', ' 651', ' 1346', ' -1285', ' -686', ' -367', ' 150']",pinch3finger,False
15:44:15.338501,"['217', ' 377', ' 1971', ' -467', ' 37', ' 73', ' -734', ' -28', ' 2074']","[' -1251', ' -163', ' 38', ' 665', ' 1359', ' -1249', ' -697', ' -377', ' 200']",pinch3finger,False
15:44:15.342491,"['161', ' 277', ' 2033', ' -467', ' 37', ' 73', ' -725', ' -99', ' 2161']","[' -1148', ' -194', ' 48', ' 710', ' 1348', ' -1202', ' -728', ' -407', ' 225']",pinch3finger,False
15:44:15.346480,"['181', ' 179', ' 2154', ' -467', ' 37', ' 73', ' -767', ' -107', ' 2194']","[' -1069', ' -201', ' 54', ' 839', ' 1287', ' -1104', ' -697', ' -442', ' 201']",pinch3finger,False
15:44:15.350470,"['156', ' 112', ' 2232', ' -467', ' 37', ' 73', ' -694', ' -57', ' 2142']","[' -976', ' -249', ' 46', ' 965', ' 1246', ' -1021', ' -632', ' -426', ' 170']",pinch3finger,False
15:44:15.354458,"['131', ' 133', ' 2282', ' -467', ' 37', ' 73', ' -643', ' 19', ' 2118']","[' -874', ' -288', ' 40', ' 987', ' 1266', ' -1030', ' -574', ' -399', ' 152']",pinch3finger,False
15:44:15.358448,"['87', ' 166', ' 2266', ' -467', ' 37', ' 73', ' -629', ' 75', ' 2055']","[' -809', ' -289', ' 42', ' 1024', ' 1290', ' -1066', ' -546', ' -379', ' 100']",pinch3finger,False
15:44:15.361440,"['98', ' 219', ' 2219', ' -467', ' 37', ' 73', ' -587', ' 123', ' 2007']","[' -768', ' -283', ' 56', ' 942', ' 1346', ' -1159', ' -545', ' -363', ' 85']",pinch3finger,False
15:44:15.365434,"['90', ' 315', ' 2189', ' -537', ' 22', ' 49', ' -575', ' 162', ' 1958']","[' -760', ' -246', ' 81', ' 913', ' 1364', ' -1235', ' -552', ' -335', ' 79']",pinch3finger,False
15:44:15.369418,"['97', ' 333', ' 2106', ' -537', ' 22', ' 49', ' -576', ' 162', ' 1961']","[' -780', ' -213', ' 92', ' 865', ' 1257', ' -1275', ' -576', ' -354', ' 78']",pinch3finger,False
15:44:15.373412,"['203', ' 287', ' 2051', ' -537', ' 22', ' 49', ' -583', ' 165', ' 1973']","[' -763', ' -188', ' 108', ' 788', ' 1270', ' -1275', ' -593', ' -359', ' 99']",pinch3finger,False
15:44:15.377404,"['207', ' 305', ' 1989', ' -537', ' 22', ' 49', ' -588', ' 156', ' 1957']","[' -764', ' -169', ' 125', ' 882', ' 1379', ' -1185', ' -578', ' -301', ' 135']",pinch3finger,False
15:44:15.381394,"['257', ' 360', ' 1969', ' -537', ' 22', ' 49', ' -593', ' 180', ' 1929']","[' -803', ' -148', ' 127', ' 930', ' 1352', ' -1166', ' -579', ' -243', ' 158']",pinch3finger,False
15:44:15.385444,"['244', ' 423', ' 1953', ' -537', ' 22', ' 49', ' -566', ' 201', ' 1881']","[' -871', ' -142', ' 114', ' 921', ' 1359', ' -1206', ' -597', ' -224', ' 145']",pinch3finger,False
15:44:15.388440,"['254', ' 440', ' 1878', ' -537', ' 22', ' 49', ' -521', ' 253', ' 1817']","[' -974', ' -140', ' 95', ' 788', ' 1357', ' -1186', ' -581', ' -225', ' 141']",pinch3finger,False
15:44:15.392944,"['263', ' 456', ' 1814', ' -537', ' 22', ' 49', ' -479', ' 326', ' 1760']","[' -1079', ' -118', ' 60', ' 795', ' 1408', ' -1242', ' -577', ' -261', ' 126']",pinch3finger,False
15:44:15.396190,"['264', ' 415', ' 1807', ' -537', ' 22', ' 49', ' -503', ' 285', ' 1742']","[' -1209', ' -74', ' 55', ' 759', ' 1394', ' -1251', ' -579', ' -285', ' 129']",pinch3finger,False
15:44:15.401115,"['-647', ' 978', ' 785', ' -537', ' 22', ' 49', ' 439', ' -91', ' 2370']","[' -1304', ' 32', ' 102', ' 808', ' 1401', ' -1265', ' -580', ' -303', ' 132']",pinch3finger,False
15:44:15.404112,"['-1152', ' 508', ' 1894', ' -690', ' 2', ' 4', ' 129', ' 171', ' 1898']","[' -1373', ' -154', ' -294', ' 911', ' 1394', ' -1204', ' -589', ' -332', ' 124']",pinch3finger,False
15:44:15.408101,"['201', ' 213', ' 1835', ' -690', ' 2', ' 4', ' -836', ' 207', ' 1567']","[' -1475', ' 262', ' -58', ' 946', ' 1321', ' -1178', ' -604', ' -273', ' 97']",pinch3finger,False
15:44:15.412090,"['24', ' 333', ' 1808', ' -690', ' 2', ' 4', ' -865', ' 118', ' 1749']","[' -1652', ' 211', ' -7', ' 920', ' 1339', ' -1178', ' -542', ' -272', ' 97']",pinch3finger,False
15:44:15.416291,"['56', ' 303', ' 1856', ' -690', ' 2', ' 4', ' -585', ' 102', ' 1823']","[' -1743', ' 108', ' -76', ' 929', ' 1383', ' -1211', ' -517', ' -265', ' 55']",pinch3finger,False
15:44:15.420281,"['-28', ' 175', ' 1798', ' -690', ' 2', ' 4', ' -619', ' 75', ' 1786']","[' -1812', ' 126', ' -66', ' 1095', ' 1462', ' -1247', ' -580', ' -240', ' 35']",pinch3finger,False
15:44:15.423384,"['156', ' 298', ' 1803', ' -690', ' 2', ' 4', ' -716', ' 91', ' 1771']","[' -1930', ' 60', ' -151', ' 981', ' 1376', ' -1280', ' -630', ' -222', ' 12']",pinch3finger,False
15:44:15.427267,"['316', ' 165', ' 1749', ' -690', ' 2', ' 4', ' -908', ' 167', ' 1717']","[' -2082', ' -303', ' -325', ' 790', ' 1418', ' -1267', ' -621', ' -216', ' -16']",pinch3finger,False
15:44:15.431299,"['-29', ' 171', ' 1843', ' -690', ' 2', ' 4', ' -581', ' -7', ' 1661']","[' -2204', ' -387', ' -331', ' 721', ' 1454', ' -1317', ' -653', ' -314', ' -42']",pinch3finger,False
15:44:15.435250,"['-45', ' 38', ' 1715', ' -690', ' 2', ' 4', ' -740', ' -87', ' 1823']","[' -2314', ' -361', ' -312', ' 756', ' 1516', ' -1312', ' -714', ' -318', ' 19']",pinch3finger,False
15:44:15.439235,"['-95', ' 71', ' 1834', ' -690', ' 2', ' 4', ' -846', ' -269', ' 1957']","[' -2328', ' -370', ' -307', ' 848', ' 1404', ' -1272', ' -757', ' -277', ' 99']",pinch3finger,False
15:44:15.443230,"['-13', ' 74', ' 2085', ' -690', ' 2', ' 4', ' -2262', ' -136', ' 1058']","[' -2396', ' -468', ' -309', ' 801', ' 1378', ' -1139', ' -747', ' -296', ' 64']",pinch3finger,False
15:44:15.447382,"['-344', ' -100', ' 1841', ' -892', ' -22', ' 19', ' -1198', ' -424', ' 1172']","[' -2462', ' -750', ' -167', ' 862', ' 1315', ' -1079', ' -732', ' -382', ' -2']",pinch3finger,False
15:44:15.451373,"['-110', ' -91', ' 2182', ' -892', ' -22', ' 19', ' -251', ' -515', ' 2278']","[' -2257', ' -987', ' -504', ' 898', ' 1369', ' -1068', ' -705', ' -406', ' -11']",pinch3finger,False
15:44:15.455363,"['-437', ' -271', ' 1971', ' -892', ' -22', ' 19', ' -516', ' -364', ' 2114']","[' -2097', ' -895', ' -557', ' 975', ' 1374', ' -1050', ' -704', ' -393', ' -18']",pinch3finger,False
15:44:15.458864,"['127', ' -76', ' 2262', ' -892', ' -22', ' 19', ' -864', ' -446', ' 2104']","[' -2041', ' -790', ' -416', ' 949', ' 1382', ' -1028', ' -703', ' -365', ' -65']",pinch3finger,False
15:44:15.462895,"['209', ' -292', ' 2301', ' -892', ' -22', ' 19', ' -840', ' -617', ' 2114']","[' -1925', ' -895', ' -422', ' 892', ' 1680', ' -1007', ' -676', ' -262', ' -6']",pinch3finger,False
15:44:15.466850,"['90', ' 40', ' 2335', ' -892', ' -22', ' 19', ' -590', ' -452', ' 2123']","[' -1850', ' -873', ' -376', ' 850', ' 1398', ' -1151', ' -682', ' -377', ' -3']",pinch3finger,False
15:44:15.470834,"['-39', ' -1', ' 2138', ' -892', ' -22', ' 19', ' -552', ' -278', ' 2090']","[' -1819', ' -697', ' -291', ' 754', ' 1431', ' -1108', ' -680', ' -316', ' 35']",pinch3finger,False
15:44:15.474824,"['271', ' -200', ' 2076', ' -892', ' -22', ' 19', ' -576', ' -268', ' 2009']","[' -1820', ' -773', ' -382', ' 881', ' 1367', ' -1117', ' -711', ' -405', ' -24']",pinch3finger,False
15:44:15.478823,"['452', ' -132', ' 2124', ' -892', ' -22', ' 19', ' -554', ' -351', ' 1915']","[' -1853', ' -888', ' -449', ' 865', ' 1421', ' -1096', ' -739', ' -426', ' -31']",pinch3finger,False
15:44:15.482813,"['371', ' -42', ' 1953', ' -892', ' -22', ' 19', ' -262', ' -212', ' 1888']","[' -1837', ' -921', ' -506', ' 870', ' 1426', ' -1109', ' -684', ' -357', ' -23']",pinch3finger,False
15:44:15.486802,"['139', ' 91', ' 1889', ' -1315', ' -106', ' 183', ' -383', ' -267', ' 1829']","[' -1872', ' -825', ' -509', ' 928', ' 1445', ' -1158', ' -677', ' -358', ' -21']",pinch3finger,False
15:44:15.490790,"['65', ' 145', ' 1768', ' -1315', ' -106', ' 183', ' -346', ' -231', ' 1752']","[' -1878', ' -814', ' -530', ' 1008', ' 1376', ' -1154', ' -649', ' -289', ' -33']",pinch3finger,False
15:44:15.493902,"['220', ' -41', ' 1773', ' -1315', ' -106', ' 183', ' -357', ' -271', ' 1714']","[' -1940', ' -794', ' -546', ' 880', ' 1533', ' -1175', ' -725', ' -321', ' -30']",pinch3finger,False
15:44:15.497891,"['241', ' 0', ' 1781', ' -1315', ' -106', ' 183', ' -397', ' -288', ' 1781']","[' -2030', ' -826', ' -605', ' 954', ' 1529', ' -1125', ' -692', ' -242', ' -24']",pinch3finger,False
15:44:15.501881,"['270', ' -69', ' 1917', ' -1315', ' -106', ' 183', ' -428', ' -325', ' 1870']","[' -2053', ' -827', ' -655', ' 930', ' 1459', ' -1155', ' -723', ' -226', ' -28']",pinch3finger,False
15:44:15.505870,"['330', ' -92', ' 1954', ' -1315', ' -106', ' 183', ' -377', ' -404', ' 1861']","[' -2052', ' -831', ' -738', ' 880', ' 1425', ' -1012', ' -729', ' -155', ' -25']",pinch3finger,False
15:44:15.509864,"['380', ' -194', ' 2045', ' -1315', ' -106', ' 183', ' -403', ' -317', ' 1911']","[' -2045', ' -812', ' -771', ' 723', ' 1338', ' -1029', ' -696', ' -131', ' -7']",pinch3finger,False
15:44:15.513853,"['260', ' -255', ' 2042', ' -1315', ' -106', ' 183', ' -311', ' -453', ' 1911']","[' -2049', ' -764', ' -826', ' 808', ' 1428', ' -904', ' -609', ' -79', ' -17']",pinch3finger,False
15:44:15.517844,"['273', ' -252', ' 2088', ' -1315', ' -106', ' 183', ' -320', ' -556', ' 1863']","[' -1994', ' -657', ' -816', ' 766', ' 1433', ' -954', ' -576', ' -115', ' -78']",pinch3finger,False
15:44:15.521832,"['146', ' -196', ' 2111', ' -1315', ' -106', ' 183', ' -366', ' -720', ' 1877']","[' -1884', ' -607', ' -826', ' 762', ' 1442', ' -1062', ' -614', ' -211', ' -121']",pinch3finger,False
15:44:15.525822,"['154', ' -126', ' 1963', ' -1703', ' -184', ' 286', ' -523', ' -484', ' 1938']","[' -1799', ' -636', ' -899', ' 721', ' 1410', ' -1062', ' -588', ' -150', ' -71']",pinch3finger,False
15:44:15.529811,"['157', ' -91', ' 1920', ' -1703', ' -184', ' 286', ' -335', ' -351', ' 1981']","[' -1782', ' -704', ' -886', ' 718', ' 1495', ' -1046', ' -570', ' -77', ' -10']",pinch3finger,False
15:44:15.533803,"['191', ' -106', ' 1947', ' -1703', ' -184', ' 286', ' -312', ' -439', ' 1965']","[' -1846', ' -662', ' -852', ' 637', ' 1522', ' -1058', ' -639', ' -84', ' -27']",pinch3finger,False
15:44:15.537790,"['191', ' -144', ' 2016', ' -1703', ' -184', ' 286', ' -284', ' -508', ' 1938']","[' -1825', ' -627', ' -803', ' 772', ' 1510', ' -1066', ' -730', ' -181', ' -52']",pinch3finger,False
15:44:15.541774,"['300', ' -232', ' 2064', ' -1703', ' -184', ' 286', ' -244', ' -463', ' 1938']","[' -1721', ' -570', ' -738', ' 763', ' 1499', ' -1002', ' -775', ' -100', ' -27']",pinch3finger,False
15:44:15.545763,"['386', ' -171', ' 2065', ' -1703', ' -184', ' 286', ' -281', ' -447', ' 1922']","[' -1636', ' -478', ' -638', ' 771', ' 1373', ' -992', ' -714', ' -55', ' -9']",pinch3finger,False
15:44:15.549753,"['379', ' -258', ' 2055', ' -1703', ' -184', ' 286', ' -272', ' -215', ' 1838']","[' -1690', ' -398', ' -632', ' 788', ' 1495', ' -890', ' -657', ' -49', ' 8']",pinch3finger,False
15:44:15.552750,"['390', ' -160', ' 1943', ' -1703', ' -184', ' 286', ' -3008', ' -387', ' -2575']","[' -1723', ' -591', ' -445', ' 755', ' 1501', ' -872', ' -692', ' -7', ' 26']",pinch3finger,False
15:44:15.556735,"['36', ' -123', ' 2047', ' -1703', ' -184', ' 286', ' 963', ' 642', ' 2099']","[' -1809', ' -617', ' -702', ' 648', ' 1414', ' -894', ' -702', ' -28', ' -6']",pinch3finger,False
15:44:15.560724,"['622', ' -365', ' 2182', ' -1703', ' -184', ' 286', ' 81', ' -280', ' 1515']","[' -1439', ' 124', ' -993', ' 906', ' 1415', ' -975', ' -585', ' -23', ' 2']",pinch3finger,False
15:44:15.564717,"['-151', ' 181', ' 1722', ' -1732', ' -67', ' 182', ' -497', ' -425', ' 1869']","[' -2017', ' 357', ' -518', ' 915', ' 1487', ' -925', ' -503', ' 12', ' -30']",pinch3finger,False
15:44:15.568703,"['239', ' 110', ' 1924', ' -1732', ' -67', ' 182', ' -201', ' 108', ' 1724']","[' -2163', ' 462', ' -374', ' 555', ' 1513', ' -902', ' -594', ' 99', ' 24']",pinch3finger,False
15:44:15.572696,"['-23', ' 276', ' 1776', ' -1732', ' -67', ' 182', ' -86', ' -681', ' 1695']","[' -2183', ' 648', ' -136', ' 703', ' 1467', ' -968', ' -544', ' 74', ' 51']",pinch3finger,False
15:44:15.576713,"['-104', ' 103', ' 1740', ' -1732', ' -67', ' 182', ' -102', ' -668', ' 1715']","[' -2047', ' 1000', ' -1', ' 548', ' 1665', ' -1018', ' -553', ' 100', ' 64']",pinch3finger,False
15:44:15.580710,"['286', ' -451', ' 1934', ' -1732', ' -67', ' 182', ' -563', ' -481', ' 1938']","[' -2116', ' 978', ' -110', ' 707', ' 1563', ' -1031', ' -618', ' 228', ' 164']",pinch3finger,False
15:44:15.584700,"['317', ' -471', ' 1929', ' -1732', ' -67', ' 182', ' -522', ' -812', ' 1913']","[' -2325', ' 587', ' -249', ' 647', ' 1598', ' -992', ' -664', ' 106', ' 82']",pinch3finger,False
15:44:15.587731,"['237', ' -473', ' 1975', ' -1732', ' -67', ' 182', ' -459', ' -994', ' 1831']","[' -2320', ' 506', ' -451', ' 734', ' 1607', ' -974', ' -737', ' 119', ' 111']",pinch3finger,False
15:44:15.591720,"['52', ' -523', ' 1971', ' -1732', ' -67', ' 182', ' -430', ' -867', ' 1930']","[' -2249', ' 460', ' -501', ' 589', ' 1466', ' -959', ' -750', ' 177', ' 146']",pinch3finger,False
15:44:15.595929,"['15', ' -649', ' 2038', ' -1732', ' -67', ' 182', ' -501', ' -941', ' 1920']","[' -2234', ' 432', ' -416', ' 531', ' 1511', ' -1009', ' -774', ' 62', ' 126']",pinch3finger,False
15:44:15.599918,"['-9', ' -569', ' 2100', ' -1732', ' -67', ' 182', ' -483', ' -822', ' 1986']","[' -2215', ' 378', ' -281', ' 782', ' 1615', ' -1079', ' -816', ' -23', ' 116']",pinch3finger,False
15:44:15.603908,"['-73', ' -539', ' 2114', ' -1732', ' -67', ' 182', ' -445', ' -878', ' 1942']","[' -2121', ' 469', ' -171', ' 852', ' 1592', ' -1122', ' -909', ' 9', ' 126']",pinch3finger,False
15:44:15.607897,"['-22', ' -657', ' 2092', ' -1721', ' 234', ' 113', ' -340', ' -1111', ' 2274']","[' -2064', ' 538', ' -88', ' 678', ' 431', ' 308', ' -441', ' -317', ' -100']",pinch3finger,False
15:44:15.611881,"['215', ' -1539', ' 4716', ' -1721', ' 234', ' 113', ' 944', ' -1794', ' 3496']","[' -1851', ' 1063', ' -75', ' 1114', ' 920', ' 285', ' 414', ' -378', ' -313']",pinch3finger,False
15:44:15.615870,"['558', ' -1229', ' 3116', ' -1721', ' 234', ' 113', ' -872', ' -1294', ' 2757']","[' -1356', ' 2098', ' 107', ' 823', ' 1583', ' -736', ' 320', ' -156', ' -339']",pinch3finger,False
15:44:15.619860,"['-29', ' -748', ' 2687', ' -1721', ' 234', ' 113', ' -710', ' -1295', ' 3122']","[' -917', ' 2059', ' 345', ' 519', ' 1404', ' -1107', ' 1', ' -168', ' -142']",pinch3finger,False
15:44:15.623849,"['28', ' -976', ' 2733', ' -1721', ' 234', ' 113', ' -1235', ' -1253', ' 2971']","[' -547', ' 1376', ' 629', ' 765', ' 1308', ' -1163', ' 150', ' -148', ' -97']",pinch3finger,False
15:44:15.626845,"['258', ' -756', ' 2034', ' -1721', ' 234', ' 113', ' -903', ' -1044', ' 2061']","[' -324', ' 511', ' 444', ' 820', ' 1656', ' -901', ' 445', ' -57', ' -132']",pinch3finger,False
15:44:15.630830,"['93', ' -171', ' 1788', ' -1721', ' 234', ' 113', ' -593', ' -947', ' 1645']","[' -328', ' 236', ' 168', ' 737', ' 1414', ' -787', ' 401', ' 112', ' 68']",pinch3finger,False
15:44:15.634824,"['-68', ' -267', ' 1678', ' -1721', ' 234', ' 113', ' -613', ' -758', ' 1727']","[' -348', ' 102', ' 46', ' 980', ' 1379', ' -813', ' 493', ' 178', ' 133']",pinch3finger,False
15:44:15.638813,"['167', ' -537', ' 2004', ' -1721', ' 234', ' 113', ' -571', ' -645', ' 1902']","[' -429', ' -45', ' 76', ' 759', ' 1522', ' -895', ' 601', ' 93', ' 15']",pinch3finger,False
15:44:15.642799,"['32', ' -609', ' 2147', ' -1721', ' 234', ' 113', ' -290', ' -789', ' 1920']","[' -567', ' 41', ' 197', ' 676', ' 1618', ' -911', ' 526', ' -60', ' -72']",pinch3finger,False
15:44:15.646793,"['24', ' -502', ' 1995', ' -1738', ' 497', ' 128', ' -525', ' -941', ' 1941']","[' -550', ' 90', ' 221', ' 684', ' 1526', ' -999', ' 532', ' -9', ' -9']",pinch3finger,False
15:44:15.650777,"['26', ' -432', ' 1987', ' -1738', ' 497', ' 128', ' -580', ' -957', ' 1902']","[' -444', ' 22', ' 196', ' 721', ' 1536', ' -1003', ' 585', ' 59', ' 21']",pinch3finger,False
15:44:15.654766,"['42', ' -595', ' 1961', ' -1738', ' 497', ' 128', ' -682', ' -894', ' 1926']","[' -406', ' -124', ' 72', ' 738', ' 1496', ' -962', ' 622', ' 32', ' -3']",pinch3finger,False
15:44:15.657763,"['-72', ' -592', ' 1910', ' -1738', ' 497', ' 128', ' -623', ' -900', ' 1869']","[' -374', ' -291', ' 14', ' 825', ' 1509', ' -928', ' 645', ' -10', ' -67']",pinch3finger,False
15:44:15.661753,"['-37', ' -464', ' 1930', ' -1738', ' 497', ' 128', ' -592', ' -854', ' 1816']","[' -357', ' -309', ' -13', ' 843', ' 1463', ' -948', ' 662', ' -10', ' -81']",pinch3finger,False
15:44:15.665742,"['21', ' -534', ' 1985', ' -1738', ' 497', ' 128', ' -526', ' -758', ' 1834']","[' -408', ' -384', ' -31', ' 838', ' 1439', ' -959', ' 736', ' 61', ' -74']",pinch3finger,False
15:44:15.669823,"['3', ' -541', ' 1975', ' -1738', ' 497', ' 128', ' -491', ' -774', ' 1829']","[' -472', ' -364', ' 0', ' 757', ' 1488', ' -919', ' 779', ' 77', ' -68']",pinch3finger,False
15:44:15.673953,"['12', ' -540', ' 1956', ' -1738', ' 497', ' 128', ' -543', ' -819', ' 1793']","[' -488', ' -330', ' 33', ' 750', ' 1492', ' -954', ' 808', ' 83', ' -58']",pinch3finger,False
15:44:15.677755,"['62', ' -618', ' 1978', ' -1738', ' 497', ' 128', ' -498', ' -852', ' 1839']","[' -494', ' -376', ' 49', ' 840', ' 1477', ' -1069', ' 847', ' 111', ' -57']",pinch3finger,False
15:44:15.681744,"['61', ' -666', ' 2028', ' -1738', ' 497', ' 128', ' -542', ' -967', ' 1895']","[' -502', ' -375', ' 19', ' 812', ' 1531', ' -1096', ' 858', ' 121', ' -58']",pinch3finger,False
15:44:15.685738,"['4', ' -675', ' 2042', ' -1368', ' 438', ' 82', ' -578', ' -1043', ' 1959']","[' -464', ' -428', ' -14', ' 746', ' 1630', ' -1101', ' 837', ' 108', ' -75']",pinch3finger,False
15:44:15.689722,"['92', ' -772', ' 2085', ' -1368', ' 438', ' 82', ' -412', ' -1049', ' 1921']","[' -454', ' -425', ' -45', ' 743', ' 1512', ' -1208', ' 765', ' 156', ' -36']",pinch3finger,False
15:44:15.693226,"['157', ' -780', ' 2100', ' -1368', ' 438', ' 82', ' -482', ' -1137', ' 1925']","[' -414', ' -459', ' -73', ' 760', ' 1612', ' -1187', ' 640', ' -51', ' -115']",pinch3finger,False
15:44:15.697247,"['167', ' -842', ' 2117', ' -1368', ' 438', ' 82', ' -445', ' -1124', ' 1854']","[' -355', ' -423', ' -88', ' 919', ' 1562', ' -1244', ' 591', ' -32', ' -109']",pinch3finger,False
15:44:15.701236,"['121', ' -920', ' 2086', ' -1368', ' 438', ' 82', ' -444', ' -1150', ' 1879']","[' -314', ' -350', ' -77', ' 755', ' 1533', ' -1164', ' 552', ' -159', ' -175']",pinch3finger,False
15:44:15.705226,"['89', ' -846', ' 2091', ' -1368', ' 438', ' 82', ' -465', ' -1103', ' 1869']","[' -272', ' -304', ' -91', ' 846', ' 1535', ' -1159', ' 517', ' -10', ' -132']",pinch3finger,False
15:44:15.709216,"['101', ' -865', ' 2110', ' -1368', ' 438', ' 82', ' -485', ' -1131', ' 1876']","[' -220', ' -264', ' -84', ' 817', ' 1549', ' -1201', ' 475', ' -91', ' -157']",pinch3finger,False
15:44:15.712206,"['33', ' -803', ' 2061', ' -1368', ' 438', ' 82', ' -571', ' -1109', ' 1875']","[' -194', ' -254', ' -97', ' 791', ' 1552', ' -1142', ' 451', ' -182', ' -203']",pinch3finger,False
15:44:15.716200,"['67', ' -743', ' 2026', ' -1368', ' 438', ' 82', ' -450', ' -955', ' 1864']","[' -178', ' -279', ' -118', ' 763', ' 1479', ' -1123', ' 432', ' -181', ' -178']",pinch3finger,False
15:44:15.720190,"['98', ' -720', ' 2022', ' -1368', ' 438', ' 82', ' -348', ' -1048', ' 1883']","[' -79', ' -381', ' -115', ' 672', ' 1483', ' -1078', ' 478', ' -248', ' -186']",pinch3finger,False
15:44:15.724178,"['151', ' -691', ' 2063', ' -1368', ' 438', ' 82', ' -456', ' -888', ' 1862']","[' -149', ' -196', ' -153', ' 758', ' 1474', ' -1034', ' 511', ' -323', ' -197']",pinch3finger,False
15:44:15.728168,"['131', ' -688', ' 2050', ' -799', ' 68', ' 38', ' -383', ' -760', ' 1872']","[' -122', ' -219', ' -191', ' 838', ' 1469', ' -1042', ' 497', ' -300', ' -129']",pinch3finger,False
15:44:15.732158,"['60', ' -604', ' 2072', ' -799', ' 68', ' 38', ' -391', ' -863', ' 1889']","[' -131', ' -170', ' -209', ' 743', ' 1474', ' -1053', ' 516', ' -366', ' -145']",pinch3finger,False
15:44:15.736143,"['169', ' -616', ' 2073', ' -799', ' 68', ' 38', ' -513', ' -977', ' 1926']","[' -140', ' -136', ' -217', ' 753', ' 1490', ' -1049', ' 527', ' -378', ' -145']",pinch3finger,False
15:44:15.740133,"['149', ' -646', ' 2068', ' -799', ' 68', ' 38', ' -432', ' -910', ' 1929']","[' -148', ' -129', ' -226', ' 759', ' 1526', ' -1062', ' 501', ' -388', ' -142']",pinch3finger,False
15:44:15.744126,"['165', ' -692', ' 2084', ' -799', ' 68', ' 38', ' -418', ' -909', ' 1888']","[' -125', ' -112', ' -232', ' 731', ' 1517', ' -1064', ' 470', ' -413', ' -116']",pinch3finger,False
15:44:15.748110,"['95', ' -650', ' 2011', ' -799', ' 68', ' 38', ' -477', ' -899', ' 1880']","[' -169', ' -106', ' -242', ' 808', ' 1490', ' -1070', ' 458', ' -407', ' -109']",pinch3finger,False
15:44:15.752100,"['136', ' -685', ' 2006', ' -799', ' 68', ' 38', ' -457', ' -912', ' 1842']","[' -162', ' -106', ' -230', ' 821', ' 1445', ' -1119', ' 468', ' -380', ' -92']",pinch3finger,False
15:44:15.756089,"['54', ' -723', ' 1985', ' -799', ' 68', ' 38', ' -502', ' -933', ' 1876']","[' -155', ' -111', ' -232', ' 776', ' 1501', ' -1082', ' 464', ' -385', ' -105']",pinch3finger,False
15:44:15.760078,"['55', ' -711', ' 1982', ' -799', ' 68', ' 38', ' -465', ' -992', ' 1856']","[' -159', ' -108', ' -218', ' 828', ' 1496', ' -1083', ' 434', ' -374', ' -100']",pinch3finger,False
15:44:15.764068,"['135', ' -696', ' 2009', ' -799', ' 68', ' 38', ' -413', ' -936', ' 1869']","[' -131', ' -143', ' -217', ' 795', ' 1447', ' -1093', ' 411', ' -349', ' -86']",pinch3finger,False
15:44:15.767060,"['151', ' -688', ' 1990', ' -516', ' -226', ' -15', ' -420', ' -929', ' 1835']","[' -144', ' -131', ' -212', ' 772', ' 1468', ' -1098', ' 388', ' -325', ' -80']",pinch3finger,False
15:44:15.771049,"['155', ' -697', ' 2015', ' -516', ' -226', ' -15', ' -397', ' -908', ' 1832']","[' -153', ' -100', ' -192', ' 750', ' 1470', ' -1085', ' 342', ' -311', ' -82']",pinch3finger,False
15:44:15.775043,"['145', ' -664', ' 1938', ' -516', ' -226', ' -15', ' -405', ' -908', ' 1809']","[' -135', ' -91', ' -172', ' 748', ' 1458', ' -1099', ' 316', ' -316', ' -69']",pinch3finger,False
15:44:15.779063,"['163', ' -658', ' 1947', ' -516', ' -226', ' -15', ' -435', ' -900', ' 1822']","[' -107', ' -88', ' -158', ' 803', ' 1440', ' -1092', ' 283', ' -285', ' -38']",pinch3finger,False
15:44:15.783070,"['139', ' -660', ' 2008', ' -516', ' -226', ' -15', ' -418', ' -913', ' 1802']","[' -107', ' -74', ' -145', ' 755', ' 1456', ' -1097', ' 259', ' -260', ' -49']",pinch3finger,False
15:44:15.787060,"['122', ' -693', ' 1952', ' -516', ' -226', ' -15', ' -401', ' -907', ' 1811']","[' -108', ' -85', ' -135', ' 773', ' 1436', ' -1088', ' 247', ' -259', ' -41']",pinch3finger,False
15:44:15.791051,"['107', ' -711', ' 1935', ' -516', ' -226', ' -15', ' -419', ' -906', ' 1790']","[' -110', ' -52', ' -121', ' 775', ' 1420', ' -1096', ' 233', ' -214', ' -42']",pinch3finger,False
15:44:15.794560,"['122', ' -695', ' 1933', ' -516', ' -226', ' -15', ' -453', ' -923', ' 1790']","[' -89', ' -68', ' -102', ' 772', ' 1442', ' -1084', ' 206', ' -231', ' -46']",pinch3finger,False
15:44:15.798550,"['91', ' -687', ' 1938', ' -516', ' -226', ' -15', ' -434', ' -914', ' 1810']","[' -69', ' -86', ' -99', ' 760', ' 1445', ' -1087', ' 175', ' -226', ' -68']",pinch3finger,False
15:44:15.802556,"['101', ' -692', ' 1953', ' -516', ' -226', ' -15', ' -440', ' -893', ' 1816']","[' -92', ' -80', ' -92', ' 776', ' 1415', ' -1086', ' 155', ' -216', ' -49']",pinch3finger,False
15:44:15.806528,"['97', ' -687', ' 1963', ' -348', ' -255', ' -109', ' -409', ' -898', ' 1790']","[' -85', ' -59', ' -74', ' 775', ' 1428', ' -1086', ' 168', ' -183', ' -54']",pinch3finger,False
15:44:15.810517,"['94', ' -652', ' 1941', ' -348', ' -255', ' -109', ' -440', ' -880', ' 1807']","[' -59', ' -51', ' -72', ' 738', ' 1426', ' -1096', ' 152', ' -177', ' -52']",pinch3finger,False
15:44:15.814507,"['116', ' -661', ' 1924', ' -348', ' -255', ' -109', ' -452', ' -889', ' 1820']","[' -67', ' -45', ' -68', ' 780', ' 1269', ' -1210', ' 253', ' -124', ' -53']",pinch3finger,False
15:44:15.818480,"['87', ' -627', ' 1947', ' -348', ' -255', ' -109', ' -451', ' -865', ' 1823']","[' -80', ' -41', ' -66', ' 792', ' 1525', ' -1053', ' 281', ' -96', ' -47']",pinch3finger,False
15:44:15.822479,"['107', ' -669', ' 1955', ' -348', ' -255', ' -109', ' -468', ' -906', ' 1840']","[' -83', ' -60', ' -64', ' 753', ' 1447', ' -1053', ' 124', ' -188', ' -57']",pinch3finger,False
15:44:15.826468,"['126', ' -634', ' 1951', ' -348', ' -255', ' -109', ' -439', ' -865', ' 1815']","[' -77', ' -74', ' -79', ' 750', ' 1424', ' -1112', ' 126', ' -187', ' -55']",pinch3finger,False
15:44:15.830452,"['198', ' -591', ' 1926', ' -348', ' -255', ' -109', ' -365', ' -826', ' 1820']","[' -86', ' -79', ' -73', ' 697', ' 1412', ' -1088', ' 132', ' -131', ' -12']",pinch3finger,False
15:44:15.834441,"['122', ' -644', ' 1959', ' -348', ' -255', ' -109', ' -437', ' -855', ' 1819']","[' -122', ' -55', ' -76', ' 731', ' 1438', ' -1079', ' 145', ' -163', ' 1']",pinch3finger,False
15:44:15.837646,"['90', ' -632', ' 1953', ' -348', ' -255', ' -109', ' -457', ' -861', ' 1821']","[' -109', ' -66', ' -73', ' 736', ' 1430', ' -1094', ' 149', ' -139', ' 1']",pinch3finger,False
15:44:15.841668,"['132', ' -613', ' 1957', ' -348', ' -255', ' -109', ' -406', ' -857', ' 1817']","[' -115', ' -45', ' -68', ' 722', ' 1365', ' -1115', ' 174', ' -118', ' -6']",pinch3finger,False
15:44:15.845676,"['150', ' -640', ' 1953', ' -181', ' -169', ' -133', ' -407', ' -866', ' 1805']","[' -129', ' -64', ' -72', ' 747', ' 1472', ' -1065', ' 162', ' -98', ' 34']",pinch3finger,False
15:44:15.849665,"['154', ' -659', ' 1978', ' -181', ' -169', ' -133', ' -419', ' -876', ' 1786']","[' -141', ' -36', ' -66', ' 747', ' 1439', ' -1092', ' 166', ' -89', ' 23']",pinch3finger,False
15:44:15.853655,"['150', ' -665', ' 1966', ' -181', ' -169', ' -133', ' -406', ' -898', ' 1812']","[' -156', ' -1', ' -51', ' 764', ' 1423', ' -1130', ' 170', ' -84', ' 34']",pinch3finger,False
15:44:15.857644,"['131', ' -703', ' 1954', ' -181', ' -169', ' -133', ' -430', ' -927', ' 1820']","[' -168', ' 5', ' -38', ' 722', ' 1409', ' -1163', ' 207', ' -43', ' 21']",pinch3finger,False
15:44:15.861634,"['123', ' -688', ' 1945', ' -181', ' -169', ' -133', ' -379', ' -951', ' 1844']","[' -150', ' 4', ' -28', ' 726', ' 1431', ' -1154', ' 152', ' -53', ' 35']",pinch3finger,False
15:44:15.865620,"['129', ' -724', ' 1978', ' -181', ' -169', ' -133', ' -406', ' -961', ' 1823']","[' -135', ' 21', ' -24', ' 735', ' 1449', ' -1167', ' 157', ' -54', ' 26']",pinch3finger,False
15:44:15.869607,"['172', ' -729', ' 1949', ' -181', ' -169', ' -133', ' -425', ' -969', ' 1818']","[' -113', ' 25', ' -23', ' 714', ' 1423', ' -1186', ' 173', ' -33', ' 20']",pinch3finger,False
15:44:15.873596,"['159', ' -734', ' 1959', ' -181', ' -169', ' -133', ' -388', ' -985', ' 1830']","[' -119', ' 21', ' -31', ' 738', ' 1463', ' -1177', ' 133', ' -43', ' 35']",pinch3finger,False
15:44:15.877586,"['152', ' -753', ' 1972', ' -181', ' -169', ' -133', ' -407', ' -987', ' 1808']","[' -105', ' 43', ' -36', ' 717', ' 1436', ' -1191', ' 113', ' -39', ' 35']",pinch3finger,False
15:44:15.880580,"['143', ' -750', ' 1948', ' -181', ' -169', ' -133', ' -418', ' -982', ' 1807']","[' -108', ' 51', ' -25', ' 730', ' 1451', ' -1179', ' 104', ' -43', ' 23']",pinch3finger,False
15:44:15.884570,"['100', ' -745', ' 1944', ' -181', ' -169', ' -133', ' -445', ' -999', ' 1825']","[' -87', ' 35', ' -21', ' 746', ' 1443', ' -1175', ' 90', ' -51', ' 18']",pinch3finger,False
15:44:15.888559,"['102', ' -740', ' 1960', ' -115', ' -90', ' -76', ' -438', ' -982', ' 1813']","[' -71', ' 45', ' -32', ' 737', ' 1445', ' -1171', ' 97', ' -54', ' 13']",pinch3finger,False
15:44:15.893053,"['102', ' -732', ' 1942', ' -115', ' -90', ' -76', ' -446', ' -975', ' 1827']","[' -74', ' 28', ' -39', ' 737', ' 1426', ' -1157', ' 96', ' -51', ' 4']",pinch3finger,False
15:44:15.897044,"['110', ' -707', ' 1951', ' -115', ' -90', ' -76', ' -433', ' -928', ' 1803']","[' -65', ' 21', ' -41', ' 750', ' 1461', ' -1141', ' 104', ' -55', ' -1']",pinch3finger,False
15:44:15.901033,"['134', ' -717', ' 1949', ' -115', ' -90', ' -76', ' -413', ' -978', ' 1831']","[' -74', ' 14', ' -43', ' 732', ' 1413', ' -1157', ' 85', ' -52', ' -3']",pinch3finger,False
15:44:15.904030,"['139', ' -701', ' 1973', ' -115', ' -90', ' -76', ' -417', ' -942', ' 1819']","[' -71', ' 16', ' -37', ' 725', ' 1438', ' -1158', ' 94', ' -39', ' 11']",pinch3finger,False
15:44:15.908019,"['126', ' -702', ' 1968', ' -115', ' -90', ' -76', ' -415', ' -937', ' 1827']","[' -68', ' 19', ' -42', ' 724', ' 1453', ' -1151', ' 109', ' -44', ' -5']",pinch3finger,False
15:44:15.912009,"['128', ' -689', ' 1974', ' -115', ' -90', ' -76', ' -419', ' -914', ' 1838']","[' -64', ' 6', ' -37', ' 761', ' 1427', ' -1141', ' 79', ' -44', ' 19']",pinch3finger,False
15:44:15.915998,"['151', ' -678', ' 1943', ' -115', ' -90', ' -76', ' -404', ' -891', ' 1801']","[' -64', ' 0', ' -26', ' 729', ' 1408', ' -1147', ' 97', ' -21', ' 27']",pinch3finger,False
15:44:15.920002,"['132', ' -639', ' 1950', ' -115', ' -90', ' -76', ' -406', ' -897', ' 1831']","[' -70', ' 23', ' -19', ' 723', ' 1431', ' -1135', ' 99', ' -24', ' 25']",pinch3finger,False
15:44:15.923976,"['188', ' -668', ' 1936', ' -115', ' -90', ' -76', ' -411', ' -908', ' 1817']","[' -92', ' 29', ' -19', ' 716', ' 1443', ' -1151', ' 94', ' -8', ' 27']",pinch3finger,False
15:44:15.927966,"['156', ' -678', ' 1956', ' -89', ' -30', ' -20', ' -407', ' -917', ' 1838']","[' -92', ' 20', ' -17', ' 719', ' 1419', ' -1149', ' 100', ' -4', ' 41']",pinch3finger,False
15:44:15.931956,"['150', ' -706', ' 1981', ' -89', ' -30', ' -20', ' -383', ' -947', ' 1842']","[' -92', ' 34', ' -3', ' 743', ' 1426', ' -1146', ' 108', ' 0', ' 44']",pinch3finger,False
15:44:15.935940,"['153', ' -713', ' 1967', ' -89', ' -30', ' -20', ' -411', ' -949', ' 1813']","[' -99', ' 42', ' 1', ' 739', ' 1430', ' -1162', ' 98', ' 8', ' 51']",pinch3finger,False
15:44:15.939929,"['148', ' -691', ' 1962', ' -89', ' -30', ' -20', ' -413', ' -916', ' 1819']","[' -98', ' 51', ' 8', ' 728', ' 1401', ' -1147', ' 103', ' 3', ' 57']",pinch3finger,False
15:44:15.943919,"['123', ' -698', ' 1958', ' -89', ' -30', ' -20', ' -411', ' -931', ' 1805']","[' -105', ' 53', ' 13', ' 742', ' 1410', ' -1165', ' 103', ' 16', ' 44']",pinch3finger,False
15:44:15.946916,"['130', ' -709', ' 1956', ' -89', ' -30', ' -20', ' -420', ' -959', ' 1813']","[' -109', ' 55', ' 13', ' 724', ' 1429', ' -1180', ' 98', ' 21', ' 38']",pinch3finger,False
15:44:15.950899,"['123', ' -724', ' 1966', ' -89', ' -30', ' -20', ' -452', ' -959', ' 1810']","[' -105', ' 51', ' 16', ' 736', ' 1416', ' -1169', ' 90', ' 23', ' 45']",pinch3finger,False
15:44:15.954890,"['108', ' -724', ' 1936', ' -89', ' -30', ' -20', ' -434', ' -982', ' 1799']","[' -101', ' 39', ' 12', ' 712', ' 1416', ' -1178', ' 85', ' 11', ' 32']",pinch3finger,False
15:44:15.958879,"['126', ' -725', ' 1938', ' -89', ' -30', ' -20', ' -423', ' -1007', ' 1807']","[' -87', ' 22', ' 16', ' 720', ' 1435', ' -1186', ' 76', ' 16', ' 31']",pinch3finger,False
15:44:15.962868,"['125', ' -760', ' 1946', ' -89', ' -30', ' -20', ' -415', ' -993', ' 1804']","[' -63', ' 22', ' 6', ' 746', ' 1418', ' -1195', ' 60', ' 5', ' 26']",pinch3finger,False
15:44:15.966857,"['137', ' -735', ' 1956', ' -61', ' 9', ' 4', ' -396', ' -990', ' 1804']","[' -62', ' 38', ' 1', ' 724', ' 1426', ' -1186', ' 52', ' 6', ' 23']",pinch3finger,False
15:44:15.970846,"['128', ' -727', ' 1931', ' -61', ' 9', ' 4', ' -410', ' -980', ' 1812']","[' -58', ' 43', ' 6', ' 749', ' 1414', ' -1185', ' 50', ' 17', ' 24']",pinch3finger,False
15:44:15.974836,"['153', ' -717', ' 1957', ' -61', ' 9', ' 4', ' -403', ' -961', ' 1811']","[' -55', ' 36', ' 10', ' 738', ' 1405', ' -1175', ' 34', ' 23', ' 29']",pinch3finger,False
15:44:15.978827,"['122', ' -718', ' 1944', ' -61', ' 9', ' 4', ' -419', ' -931', ' 1817']","[' -47', ' 38', ' 9', ' 725', ' 1383', ' -1161', ' 41', ' 19', ' 23']",pinch3finger,False
15:44:15.981824,"['114', ' -695', ' 1945', ' -61', ' 9', ' 4', ' -421', ' -933', ' 1798']","[' -73', ' 37', ' 15', ' 747', ' 1394', ' -1165', ' 47', ' 27', ' 31']",pinch3finger,False
15:44:15.985809,"['117', ' -700', ' 1947', ' -61', ' 9', ' 4', ' -431', ' -916', ' 1808']","[' -74', ' 45', ' 28', ' 758', ' 1402', ' -1163', ' 56', ' 46', ' 16']",pinch3finger,False
15:44:15.989803,"['88', ' -685', ' 1963', ' -61', ' 9', ' 4', ' -444', ' -916', ' 1810']","[' -77', ' 46', ' 30', ' 724', ' 1403', ' -1135', ' 67', ' 36', ' 27']",pinch3finger,False
15:44:15.993979,"['76', ' -683', ' 1935', ' -61', ' 9', ' 4', ' -435', ' -909', ' 1806']","[' -79', ' 47', ' 43', ' 732', ' 1410', ' -1138', ' 64', ' 34', ' 20']",pinch3finger,False
15:44:15.997963,"['115', ' -701', ' 1946', ' -61', ' 9', ' 4', ' -424', ' -944', ' 1817']","[' -67', ' 44', ' 43', ' 726', ' 1399', ' -1167', ' 68', ' 35', ' 24']",pinch3finger,False
15:44:16.001954,"['134', ' -708', ' 1948', ' -61', ' 9', ' 4', ' -414', ' -972', ' 1839']","[' -75', ' 40', ' 31', ' 721', ' 1420', ' -1155', ' 61', ' 41', ' 14']",pinch3finger,False
15:44:16.004950,"['108', ' -692', ' 1946', ' -61', ' 9', ' 4', ' -409', ' -941', ' 1826']","[' -76', ' 50', ' 29', ' 717', ' 1407', ' -1164', ' 70', ' 24', ' 22']",pinch3finger,False
15:44:16.008939,"['117', ' -692', ' 1938', ' -39', ' 33', ' 23', ' -422', ' -916', ' 1809']","[' -60', ' 32', ' 33', ' 709', ' 1423', ' -1162', ' 63', ' 24', ' 28']",pinch3finger,False
15:44:16.012928,"['131', ' -674', ' 1961', ' -39', ' 33', ' 23', ' -396', ' -941', ' 1824']","[' -59', ' 38', ' 26', ' 708', ' 1408', ' -1148', ' 71', ' 13', ' 30']",pinch3finger,False
15:44:16.016918,"['135', ' -684', ' 1942', ' -39', ' 33', ' 23', ' -405', ' -936', ' 1823']","[' -65', ' 35', ' 16', ' 692', ' 1423', ' -1156', ' 74', ' 18', ' 41']",pinch3finger,False
15:44:16.020908,"['139', ' -674', ' 1937', ' -39', ' 33', ' 23', ' -404', ' -922', ' 1815']","[' -72', ' 27', ' 15', ' 686', ' 1406', ' -1128', ' 71', ' 6', ' 41']",pinch3finger,False
15:44:16.024891,"['138', ' -659', ' 1944', ' -39', ' 33', ' 23', ' -402', ' -921', ' 1802']","[' -68', ' 33', ' 15', ' 696', ' 1399', ' -1145', ' 68', ' 10', ' 45']",pinch3finger,False
15:44:16.028881,"['115', ' -675', ' 1948', ' -39', ' 33', ' 23', ' -415', ' -913', ' 1820']","[' -77', ' 24', ' 22', ' 712', ' 1396', ' -1152', ' 79', ' 18', ' 38']",pinch3finger,False
15:44:16.032131,"['119', ' -686', ' 1940', ' -39', ' 33', ' 23', ' -426', ' -949', ' 1814']","[' -80', ' 18', ' 11', ' 716', ' 1413', ' -1173', ' 68', ' 8', ' 42']",pinch3finger,False
15:44:16.036121,"['138', ' -675', ' 1936', ' -39', ' 33', ' 23', ' -428', ' -968', ' 1827']","[' -77', ' 10', ' 1', ' 698', ' 1412', ' -1159', ' 72', ' 1', ' 45']",pinch3finger,False
15:44:16.040069,"['129', ' -704', ' 1939', ' -39', ' 33', ' 23', ' -407', ' -977', ' 1828']","[' -73', ' 0', ' -11', ' 700', ' 1415', ' -1182', ' 65', ' 3', ' 61']",pinch3finger,False
15:44:16.044053,"['136', ' -712', ' 1960', ' -39', ' 33', ' 23', ' -411', ' -975', ' 1824']","[' -52', ' -9', ' -16', ' 709', ' 1438', ' -1179', ' 48', ' -15', ' 55']",pinch3finger,False
15:44:16.047295,"['134', ' -725', ' 1948', ' -28', ' 46', ' 41', ' -421', ' -974', ' 1836']","[' -46', ' -34', ' -22', ' 691', ' 1414', ' -1189', ' 41', ' -20', ' 55']",pinch3finger,False
15:44:16.051309,"['146', ' -726', ' 1950', ' -28', ' 46', ' 41', ' -408', ' -982', ' 1827']","[' -35', ' -31', ' -27', ' 721', ' 1421', ' -1174', ' 27', ' -23', ' 51']",pinch3finger,False
15:44:16.055280,"['125', ' -710', ' 1929', ' -28', ' 46', ' 41', ' -397', ' -972', ' 1799']","[' -32', ' -33', ' -37', ' 737', ' 1408', ' -1176', ' 26', ' -26', ' 55']",pinch3finger,False
15:44:16.059243,"['125', ' -756', ' 1957', ' -28', ' 46', ' 41', ' -429', ' -979', ' 1805']","[' -20', ' -41', ' -30', ' 763', ' 1413', ' -1185', ' 8', ' -20', ' 47']",pinch3finger,False
15:44:16.063244,"['106', ' -780', ' 1967', ' -28', ' 46', ' 41', ' -437', ' -1009', ' 1782']","[' -28', ' -43', ' -30', ' 781', ' 1412', ' -1199', ' -1', ' -12', ' 36']",pinch3finger,False
15:44:16.067235,"['73', ' -811', ' 1966', ' -28', ' 46', ' 41', ' -458', ' -1025', ' 1803']","[' -10', ' -49', ' -14', ' 809', ' 1411', ' -1216', ' -20', ' -4', ' 34']",pinch3finger,False
15:44:16.071224,"['65', ' -808', ' 1973', ' -28', ' 46', ' 41', ' -438', ' -1044', ' 1821']","[' 8', ' -43', ' -3', ' 803', ' 1406', ' -1213', ' -38', ' 15', ' 23']",pinch3finger,False
15:44:16.075207,"['97', ' -809', ' 1942', ' -28', ' 46', ' 41', ' -434', ' -1018', ' 1808']","[' 24', ' -54', ' 13', ' 779', ' 1428', ' -1208', ' -63', ' 42', ' 4']",pinch3finger,False
15:44:16.079206,"['123', ' -781', ' 1972', ' -28', ' 46', ' 41', ' -429', ' -1000', ' 1817']","[' 29', ' -59', ' 30', ' 796', ' 1436', ' -1217', ' -74', ' 53', ' 21']",pinch3finger,False
15:44:16.082198,"['136', ' -764', ' 1989', ' -28', ' 46', ' 41', ' -398', ' -976', ' 1820']","[' 33', ' -55', ' 37', ' 777', ' 1408', ' -1205', ' -94', ' 65', ' 13']",pinch3finger,False
15:44:16.086192,"['129', ' -757', ' 1973', ' -17', ' 41', ' 37', ' -420', ' -992', ' 1839']","[' 47', ' -44', ' 45', ' 750', ' 1426', ' -1207', ' -100', ' 64', ' 20']",pinch3finger,False
15:44:16.090176,"['121', ' -738', ' 1976', ' -17', ' 41', ' 37', ' -408', ' -976', ' 1839']","[' 47', ' -43', ' 45', ' 751', ' 1432', ' -1190', ' -108', ' 75', ' 11']",pinch3finger,False
15:44:16.094677,"['117', ' -734', ' 1990', ' -17', ' 41', ' 37', ' -422', ' -983', ' 1831']","[' 59', ' -45', ' 45', ' 773', ' 1433', ' -1186', ' -123', ' 67', ' 15']",pinch3finger,False
15:44:16.097674,"['102', ' -734', ' 1991', ' -17', ' 41', ' 37', ' -420', ' -985', ' 1829']","[' 49', ' -40', ' 52', ' 777', ' 1437', ' -1186', ' -144', ' 76', ' 8']",pinch3finger,False
15:44:16.101659,"['114', ' -758', ' 1981', ' -17', ' 41', ' 37', ' -428', ' -1005', ' 1832']","[' 72', ' -23', ' 52', ' 777', ' 1428', ' -1193', ' -148', ' 79', ' 15']",pinch3finger,False
15:44:16.105648,"['115', ' -772', ' 1987', ' -17', ' 41', ' 37', ' -412', ' -1025', ' 1846']","[' 80', ' -31', ' 63', ' 787', ' 1442', ' -1209', ' -171', ' 91', ' 10']",pinch3finger,False
15:44:16.109637,"['117', ' -772', ' 2018', ' -17', ' 41', ' 37', ' -423', ' -999', ' 1863']","[' 99', ' -16', ' 63', ' 774', ' 1481', ' -1202', ' -194', ' 97', ' 0']",pinch3finger,False
15:44:16.113625,"['152', ' -772', ' 1990', ' -17', ' 41', ' 37', ' -399', ' -1013', ' 1851']","[' 108', ' -1', ' 75', ' 760', ' 1410', ' -1226', ' -222', ' 96', ' 11']",pinch3finger,False
15:44:16.117615,"['144', ' -758', ' 1982', ' -17', ' 41', ' 37', ' -403', ' -1003', ' 1861']","[' 122', ' 17', ' 74', ' 758', ' 1440', ' -1220', ' -234', ' 96', ' 3']",pinch3finger,False
15:44:16.121606,"['137', ' -752', ' 2022', ' -17', ' 41', ' 37', ' -386', ' -993', ' 1860']","[' 151', ' 54', ' 83', ' 752', ' 1443', ' -1181', ' -262', ' 88', ' 6']",pinch3finger,False
15:44:16.125595,"['142', ' -723', ' 1999', ' -17', ' 41', ' 37', ' -382', ' -982', ' 1855']","[' 156', ' 86', ' 80', ' 755', ' 1458', ' -1172', ' -272', ' 97', ' -3']",pinch3finger,False
15:44:16.128587,"['147', ' -704', ' 1996', ' 14', ' 28', ' 24', ' -397', ' -975', ' 1847']","[' 184', ' 99', ' 69', ' 728', ' 1459', ' -1166', ' -288', ' 100', ' 12']",pinch3finger,False
15:44:16.132576,"['136', ' -714', ' 1990', ' 14', ' 28', ' 24', ' -391', ' -952', ' 1882']","[' 195', ' 103', ' 81', ' 718', ' 1436', ' -1167', ' -308', ' 97', ' 14']",pinch3finger,False
15:44:16.136566,"['150', ' -694', ' 1980', ' 14', ' 28', ' 24', ' -407', ' -945', ' 1846']","[' 207', ' 104', ' 64', ' 686', ' 1504', ' -1112', ' -353', ' 77', ' 15']",pinch3finger,False
15:44:16.140558,"['139', ' -682', ' 1985', ' 14', ' 28', ' 24', ' -399', ' -934', ' 1860']","[' 209', ' 94', ' 64', ' 777', ' 1364', ' -1192', ' -352', ' 143', ' 48']",pinch3finger,False
15:44:16.144549,"['97', ' -665', ' 1979', ' 14', ' 28', ' 24', ' -423', ' -902', ' 1860']","[' 205', ' 95', ' 59', ' 797', ' 1488', ' -1124', ' -341', ' 115', ' 41']",pinch3finger,False
15:44:16.148533,"['132', ' -635', ' 1990', ' 14', ' 28', ' 24', ' -420', ' -898', ' 1864']","[' 200', ' 90', ' 52', ' 776', ' 1443', ' -1122', ' -358', ' 122', ' 40']",pinch3finger,False
15:44:16.152524,"['160', ' -616', ' 2015', ' 14', ' 28', ' 24', ' -398', ' -898', ' 1853']","[' 200', ' 100', ' 61', ' 804', ' 1453', ' -1132', ' -368', ' 132', ' 48']",pinch3finger,False
15:44:16.156512,"['144', ' -666', ' 2016', ' 14', ' 28', ' 24', ' -410', ' -925', ' 1872']","[' 213', ' 123', ' 64', ' 806', ' 1445', ' -1120', ' -375', ' 168', ' 64']",pinch3finger,False
15:44:16.159504,"['130', ' -653', ' 2032', ' 14', ' 28', ' 24', ' -426', ' -914', ' 1850']","[' 215', ' 152', ' 81', ' 867', ' 1396', ' -1083', ' -383', ' 169', ' 49']",pinch3finger,False
15:44:16.163498,"['103', ' -766', ' 2016', ' 14', ' 28', ' 24', ' -433', ' -893', ' 1866']","[' 215', ' 166', ' 89', ' 881', ' 1306', ' -1203', ' -413', ' 193', ' 45']",pinch3finger,False
15:44:16.167483,"['110', ' -784', ' 2037', ' 105', ' 54', ' 24', ' -339', ' -839', ' 1824']","[' 217', ' 210', ' 114', ' 859', ' 1428', ' -1116', ' -426', ' 225', ' 54']",pinch3finger,False
15:44:16.171476,"['148', ' -710', ' 2056', ' 105', ' 54', ' 24', ' -416', ' -939', ' 1877']","[' 210', ' 246', ' 125', ' 782', ' 1442', ' -1083', ' -430', ' 274', ' 59']",pinch3finger,False
15:44:16.175461,"['87', ' -679', ' 2002', ' 105', ' 54', ' 24', ' -435', ' -950', ' 1877']","[' 233', ' 255', ' 123', ' 777', ' 1481', ' -1108', ' -462', ' 294', ' 75']",pinch3finger,False
15:44:16.179453,"['108', ' -659', ' 1952', ' 105', ' 54', ' 24', ' -420', ' -909', ' 1828']","[' 241', ' 251', ' 126', ' 790', ' 1490', ' -1100', ' -514', ' 319', ' 103']",pinch3finger,False
15:44:16.182444,"['151', ' -654', ' 1974', ' 105', ' 54', ' 24', ' -351', ' -890', ' 1820']","[' 230', ' 260', ' 121', ' 797', ' 1548', ' -1065', ' -551', ' 363', ' 131']",release3finger,True
15:44:16.186434,"['110', ' -666', ' 1968', ' 105', ' 54', ' 24', ' -438', ' -903', ' 1828']","[' 232', ' 264', ' 112', ' 892', ' 1501', ' -1080', ' -625', ' 392', ' 193']",release3finger,True
15:44:16.190440,"['90', ' -675', ' 1981', ' 105', ' 54', ' 24', ' -465', ' -924', ' 1817']","[' 237', ' 285', ' 115', ' 840', ' 1496', ' -1090', ' -631', ' 392', ' 153']",release3finger,True
15:44:16.194946,"['29', ' -702', ' 1986', ' 105', ' 54', ' 24', ' -488', ' -1014', ' 1849']","[' 214', ' 295', ' 104', ' 908', ' 1469', ' -1123', ' -678', ' 426', ' 162']",release3finger,True
15:44:16.197939,"['-7', ' -774', ' 2047', ' 105', ' 54', ' 24', ' -479', ' -1063', ' 1860']","[' 231', ' 305', ' 105', ' 928', ' 1493', ' -1138', ' -717', ' 421', ' 130']",release3finger,True
15:44:16.201929,"['15', ' -817', ' 2088', ' 105', ' 54', ' 24', ' -529', ' -1089', ' 1859']","[' 269', ' 336', ' 117', ' 958', ' 1473', ' -1145', ' -757', ' 460', ' 93']",release3finger,True
15:44:16.205917,"['-1', ' -836', ' 2089', ' 105', ' 54', ' 24', ' -515', ' -1104', ' 1876']","[' 314', ' 339', ' 139', ' 1020', ' 1473', ' -1134', ' -812', ' 462', ' 74']",release3finger,True
15:44:16.209906,"['-15', ' -874', ' 2087', ' 248', ' 132', ' 25', ' -579', ' -1120', ' 1913']","[' 358', ' 364', ' 147', ' 970', ' 1586', ' -1103', ' -894', ' 495', ' 41']",release3finger,True
15:44:16.213896,"['13', ' -870', ' 2159', ' 248', ' 132', ' 25', ' -557', ' -1181', ' 1939']","[' 425', ' 365', ' 143', ' 1018', ' 1481', ' -1186', ' -1022', ' 380', ' -51']",release3finger,True
15:44:16.217886,"['17', ' -865', ' 2185', ' 248', ' 132', ' 25', ' -514', ' -1081', ' 1882']","[' 488', ' 357', ' 165', ' 1010', ' 1471', ' -1188', ' -1035', ' 502', ' -53']",release3finger,True
15:44:16.221875,"['-10', ' -818', ' 2163', ' 248', ' 132', ' 25', ' -521', ' -1038', ' 1931']","[' 512', ' 431', ' 172', ' 873', ' 1556', ' -1086', ' -1022', ' 557', ' -67']",release3finger,True
15:44:16.225863,"['-3', ' -778', ' 2104', ' 248', ' 132', ' 25', ' -617', ' -1051', ' 1920']","[' 541', ' 433', ' 187', ' 717', ' 1571', ' -1070', ' -1063', ' 466', ' -80']",release3finger,True
15:44:16.228855,"['-21', ' -703', ' 2089', ' 248', ' 132', ' 25', ' -578', ' -1007', ' 1947']","[' 602', ' 397', ' 175', ' 862', ' 1479', ' -1113', ' -1068', ' 421', ' -98']",release3finger,True
15:44:16.232864,"['-38', ' -680', ' 2063', ' 248', ' 132', ' 25', ' -562', ' -980', ' 1939']","[' 649', ' 336', ' 134', ' 817', ' 1551', ' -1107', ' -1051', ' 419', ' -116']",release3finger,True
15:44:16.236834,"['27', ' -635', ' 2074', ' 248', ' 132', ' 25', ' -583', ' -955', ' 1942']","[' 659', ' 275', ' 104', ' 873', ' 1416', ' -1144', ' -1049', ' 457', ' -98']",release3finger,True
15:44:16.240827,"['-50', ' -650', ' 1987', ' 248', ' 132', ' 25', ' -600', ' -971', ' 1953']","[' 672', ' 223', ' 74', ' 846', ' 1531', ' -1018', ' -1019', ' 493', ' -117']",release3finger,True
15:44:16.244818,"['-41', ' -646', ' 1966', ' 248', ' 132', ' 25', ' -578', ' -916', ' 1933']","[' 681', ' 106', ' 52', ' 803', ' 1560', ' -999', ' -1020', ' 486', ' -105']",release3finger,True
15:44:16.248802,"['-29', ' -610', ' 1994', ' 430', ' 240', ' 26', ' -524', ' -923', ' 1934']","[' 731', ' 10', ' 4', ' 936', ' 1537', ' -986', ' -986', ' 583', ' -38']",release3finger,True
15:44:16.252791,"['-13', ' -578', ' 1984', ' 430', ' 240', ' 26', ' -546', ' -912', ' 1964']","[' 733', ' -75', ' -42', ' 856', ' 1463', ' -936', ' -985', ' 650', ' 8']",release3finger,True
15:44:16.256781,"['-12', ' -574', ' 2063', ' 430', ' 240', ' 26', ' -549', ' -929', ' 2037']","[' 772', ' -138', ' -84', ' 1069', ' 1412', ' -857', ' -887', ' 680', ' -58']",release3finger,True
15:44:16.260770,"['21', ' -579', ' 2088', ' 430', ' 240', ' 26', ' -582', ' -988', ' 2129']","[' 869', ' -271', ' -126', ' 873', ' 1506', ' -860', ' -810', ' 758', ' -45']",release3finger,True
15:44:16.264759,"['-17', ' -565', ' 2052', ' 430', ' 240', ' 26', ' -628', ' -943', ' 2110']","[' 993', ' -475', ' -118', ' 795', ' 1473', ' -851', ' -777', ' 774', ' -43']",release3finger,True
15:44:16.267752,"['-7', ' -469', ' 2084', ' 430', ' 240', ' 26', ' -590', ' -815', ' 2089']","[' 1094', ' -658', ' -121', ' -262', ' 1269', ' -2142', ' -801', ' 678', ' 47']",release3finger,True
15:44:16.271742,"['-454', ' -291', ' 2254', ' 430', ' 240', ' 26', ' -1115', ' -398', ' 3290']","[' 1256', ' -428', ' -5', ' 1055', ' 1470', ' -721', ' -1068', ' 492', ' 208']",release3finger,True
15:44:16.275734,"['36', ' -398', ' 2119', ' 430', ' 240', ' 26', ' -440', ' -1045', ' 1849']","[' 1458', ' -1141', ' 357', ' 484', ' 1207', ' -579', ' -686', ' 812', ' 58']",release3finger,True
15:44:16.279727,"['291', ' -313', ' 2099', ' 430', ' 240', ' 26', ' -251', ' -620', ' 1704']","[' 1376', ' -992', ' 64', ' 3715', ' 1377', ' -947', ' -757', ' 617', ' -1436']",release3finger,True
15:44:16.283713,"['1322', ' -331', ' 3640', ' 430', ' 240', ' 26', ' 829', ' -817', ' 2077']","[' 1610', ' -409', ' -238', ' 1117', ' 938', ' -45', ' -351', ' 773', ' -865']",release3finger,True
15:44:16.287702,"['1075', ' -649', ' 2649', ' 674', ' 270', ' 42', ' -523', ' -230', ' 1809']","[' 1634', ' 139', ' -119', ' -171', ' 916', ' 192', ' 19', ' 655', ' -491']",release3finger,True
15:44:16.291690,"['66', ' -671', ' 2204', ' 674', ' 270', ' 42', ' -711', ' -407', ' 1973']","[' 1479', ' 7', ' 167', ' -552', ' 1130', ' 45', ' 428', ' 525', ' -241']",release3finger,False
15:44:16.295215,"['-213', ' -427', ' 2302', ' 674', ' 270', ' 42', ' -220', ' -1088', ' 2100']","[' 1256', ' 233', ' 343', ' 252', ' 1171', ' -673', ' 670', ' -355', ' -458']",release3finger,False
15:44:16.299211,"['-63', ' -432', ' 2137', ' 674', ' 270', ' 42', ' -613', ' -810', ' 2275']","[' 1329', ' 436', ' 194', ' 695', ' 1366', ' -884', ' 959', ' -303', ' -503']",release3finger,False
15:44:16.303201,"['511', ' -547', ' 2353', ' 674', ' 270', ' 42', ' -582', ' -611', ' 2130']","[' 1425', ' 122', ' 107', ' 907', ' 1612', ' -1022', ' 1004', ' -303', ' -579']",release3finger,False
15:44:16.307189,"['231', ' -168', ' 2098', ' 674', ' 270', ' 42', ' -430', ' -721', ' 2019']","[' 1481', ' -125', ' 109', ' 932', ' 1680', ' -1061', ' 888', ' -182', ' -488']",release3finger,False
15:44:16.310186,"['-5', ' -284', ' 2030', ' 674', ' 270', ' 42', ' -343', ' -841', ' 1853']","[' 1548', ' 81', ' 163', ' 1038', ' 1706', ' -1015', ' 737', ' -36', ' -360']",release3finger,False
15:44:16.314175,"['-64', ' -351', ' 1934', ' 674', ' 270', ' 42', ' -446', ' -594', ' 1845']","[' 1525', ' 232', ' 181', ' 672', ' 1649', ' -956', ' 663', ' 59', ' -336']",release3finger,False
15:44:16.318161,"['39', ' -392', ' 1918', ' 674', ' 270', ' 42', ' -607', ' -558', ' 1821']","[' 1426', ' 199', ' 198', ' 692', ' 1462', ' -980', ' 709', ' 14', ' -372']",release3finger,False
15:44:16.322150,"['218', ' -375', ' 2034', ' 674', ' 270', ' 42', ' -476', ' -693', ' 1778']","[' 1404', ' 163', ' 240', ' 651', ' 1578', ' -966', ' 704', ' -114', ' -417']",release3finger,False
15:44:16.326145,"['126', ' -461', ' 2041', ' 674', ' 270', ' 42', ' -395', ' -592', ' 1869']","[' 1392', ' 206', ' 258', ' 765', ' 1573', ' -976', ' 676', ' -109', ' -387']",release3finger,False
15:44:16.330128,"['87', ' -432', ' 2015', ' 1001', ' 26', ' 0', ' -528', ' -633', ' 1948']","[' 1330', ' 226', ' 256', ' 767', ' 1529', ' -972', ' 620', ' -48', ' -355']",release3finger,False
15:44:16.333663,"['97', ' -322', ' 2024', ' 1001', ' 26', ' 0', ' -548', ' -761', ' 1959']","[' 1308', ' 99', ' 250', ' 784', ' 1492', ' -947', ' 626', ' -30', ' -331']",release3finger,False
15:44:16.337403,"['65', ' -312', ' 2020', ' 1001', ' 26', ' 0', ' -482', ' -683', ' 1919']","[' 1363', ' 52', ' 248', ' 779', ' 1538', ' -948', ' 643', ' -16', ' -333']",release3finger,False
15:44:16.341392,"['199', ' -380', ' 2065', ' 1001', ' 26', ' 0', ' -553', ' -529', ' 1826']","[' 1413', ' 22', ' 208', ' 763', ' 1527', ' -939', ' 669', ' 32', ' -311']",release3finger,False
15:44:16.345382,"['73', ' -307', ' 1959', ' 1001', ' 26', ' 0', ' -410', ' -522', ' 1791']","[' 1372', ' 81', ' 244', ' 787', ' 1518', ' -1005', ' 623', ' 21', ' -279']",release3finger,False
15:44:16.349371,"['69', ' -246', ' 1902', ' 1001', ' 26', ' 0', ' -523', ' -429', ' 1809']","[' 1283', ' 101', ' 204', ' 795', ' 1525', ' -1015', ' 648', ' 32', ' -286']",release3finger,False
15:44:16.353361,"['27', ' -144', ' 1867', ' 1001', ' 26', ' 0', ' -457', ' -446', ' 1811']","[' 1178', ' 59', ' 216', ' 800', ' 1522', ' -1039', ' 656', ' 12', ' -327']",release3finger,False
15:44:16.356353,"['46', ' -144', ' 1910', ' 1001', ' 26', ' 0', ' -459', ' -457', ' 1811']","[' 1149', ' 52', ' 218', ' 829', ' 1540', ' -1006', ' 628', ' 5', ' -352']",release3finger,False
15:44:16.360346,"['52', ' -160', ' 1933', ' 1001', ' 26', ' 0', ' -479', ' -439', ' 1859']","[' 1142', ' 54', ' 216', ' 800', ' 1528', ' -991', ' 601', ' 12', ' -347']",release3finger,False
15:44:16.364331,"['30', ' -183', ' 1963', ' 1001', ' 26', ' 0', ' -486', ' -403', ' 1902']","[' 1087', ' 38', ' 255', ' 879', ' 1398', ' -970', ' 654', ' 80', ' -375']",release3finger,False
15:44:16.368326,"['-68', ' -238', ' 2056', ' 1351', ' -278', ' -134', ' -280', ' -389', ' 1896']","[' 1085', ' 133', ' 316', ' 840', ' 1488', ' -990', ' 665', ' 89', ' -398']",release3finger,False
15:44:16.372315,"['145', ' -151', ' 2023', ' 1351', ' -278', ' -134', ' -507', ' -432', ' 1968']","[' 1054', ' 31', ' 291', ' 832', ' 1439', ' -1042', ' 688', ' 121', ' -378']",release3finger,False
15:44:16.376305,"['89', ' -81', ' 2207', ' 1351', ' -278', ' -134', ' -583', ' -550', ' 1982']","[' 1107', ' 62', ' 286', ' 773', ' 1541', ' -1095', ' 625', ' 170', ' -332']",release3finger,False
15:44:16.380297,"['53', ' -142', ' 2091', ' 1351', ' -278', ' -134', ' -506', ' -563', ' 1959']","[' 1118', ' 40', ' 324', ' 718', ' 1467', ' -1048', ' 646', ' 112', ' -391']",release3finger,False
15:44:16.384287,"['61', ' -206', ' 2067', ' 1351', ' -278', ' -134', ' -510', ' -544', ' 1946']","[' 1105', ' 80', ' 344', ' 741', ' 1529', ' -1056', ' 666', ' 84', ' -400']",release3finger,False
15:44:16.387279,"['108', ' -218', ' 2078', ' 1351', ' -278', ' -134', ' -494', ' -393', ' 1974']","[' 1100', ' 86', ' 397', ' 698', ' 1436', ' -1127', ' 655', ' 95', ' -389']",release3finger,False
15:44:16.391272,"['99', ' -293', ' 2044', ' 1351', ' -278', ' -134', ' -560', ' -394', ' 1990']","[' 1123', ' 51', ' 429', ' 807', ' 1443', ' -1183', ' 627', ' 114', ' -324']",release3finger,False
15:44:16.395356,"['138', ' -529', ' 2007', ' 1351', ' -278', ' -134', ' -556', ' -449', ' 1906']","[' 1159', ' 51', ' 459', ' 604', ' 1591', ' -1099', ' 613', ' 111', ' -338']",release3finger,False
15:44:16.399345,"['101', ' -171', ' 2045', ' 1351', ' -278', ' -134', ' -487', ' -459', ' 1969']","[' 1188', ' 72', ' 468', ' 712', ' 1551', ' -1152', ' 604', ' 73', ' -328']",release3finger,False
15:44:16.403329,"['187', ' 263', ' 2178', ' 1351', ' -278', ' -134', ' -391', ' -486', ' 1950']","[' 1213', ' 45', ' 502', ' 792', ' 1597', ' -1120', ' 559', ' 114', ' -281']",release3finger,False
15:44:16.407319,"['319', ' 12', ' 2110', ' 1351', ' -278', ' -134', ' -384', ' -374', ' 1944']","[' 1239', ' 35', ' 446', ' 637', ' 1531', ' -1105', ' 517', ' 98', ' -281']",release3finger,False
15:44:16.411308,"['228', ' -362', ' 2071', ' 1500', ' -292', ' -199', ' -517', ' -437', ' 1924']","[' 1167', ' 89', ' 407', ' 690', ' 1521', ' -1084', ' 524', ' 92', ' -257']",release3finger,False
15:44:16.414305,"['41', ' -30', ' 2070', ' 1500', ' -292', ' -199', ' -554', ' -487', ' 1921']","[' 1180', ' 90', ' 423', ' 728', ' 1538', ' -1082', ' 521', ' 114', ' -237']",release3finger,False
15:44:16.418295,"['125', ' 21', ' 1998', ' 1500', ' -292', ' -199', ' -499', ' -377', ' 1953']","[' 1198', ' 84', ' 411', ' 769', ' 1484', ' -1076', ' 501', ' 112', ' -243']",release3finger,False
15:44:16.422284,"['91', ' -81', ' 2055', ' 1500', ' -292', ' -199', ' -565', ' -363', ' 2004']","[' 1167', ' 18', ' 430', ' 748', ' 1439', ' -1039', ' 505', ' 91', ' -265']",release3finger,False
15:44:16.426273,"['46', ' -94', ' 2144', ' 1500', ' -292', ' -199', ' -174', ' -341', ' 1952']","[' 1185', ' 20', ' 447', ' 753', ' 1447', ' -983', ' 564', ' 76', ' -290']",release3finger,False
15:44:16.430263,"['142', ' -124', ' 2094', ' 1500', ' -292', ' -199', ' -349', ' -331', ' 1947']","[' 1234', ' 6', ' 476', ' 745', ' 1422', ' -938', ' 563', ' 188', ' -250']",release3finger,False
15:44:16.434247,"['151', ' -109', ' 2148', ' 1500', ' -292', ' -199', ' -710', ' -47', ' 2091']","[' 1389', ' 84', ' 444', ' 846', ' 1341', ' -990', ' 579', ' 150', ' -283']",release3finger,False
15:44:16.438236,"['47', ' -7', ' 2084', ' 1500', ' -292', ' -199', ' -576', ' -346', ' 2080']","[' 1318', ' 29', ' 508', ' 816', ' 1421', ' -898', ' 632', ' 158', ' -297']",release3finger,False
15:44:16.442226,"['71', ' 66', ' 2129', ' 1500', ' -292', ' -199', ' -492', ' -276', ' 2004']","[' 1341', ' 82', ' 524', ' 764', ' 1456', ' -889', ' 679', ' 147', ' -358']",release3finger,False
15:44:16.445223,"['138', ' 61', ' 2065', ' 1500', ' -292', ' -199', ' -467', ' -200', ' 2047']","[' 1394', ' 129', ' 535', ' 780', ' 1500', ' -913', ' 684', ' 162', ' -359']",release3finger,False
15:44:16.449212,"['209', ' 101', ' 2029', ' 1392', ' -215', ' -135', ' -167', ' -446', ' 2248']","[' 1424', ' 275', ' 606', ' 757', ' 1450', ' -1004', ' 702', ' 211', ' -314']",release3finger,False
15:44:16.453201,"['74', ' 119', ' 2209', ' 1392', ' -215', ' -135', ' -606', ' -299', ' 2039']","[' 1459', ' 505', ' 701', ' 638', ' 1474', ' -1033', ' 702', ' 211', ' -317']",release3finger,False
15:44:16.457192,"['284', ' -142', ' 2173', ' 1392', ' -215', ' -135', ' -574', ' -265', ' 1985']","[' 1476', ' 237', ' 678', ' 740', ' 1471', ' -1062', ' 710', ' 199', ' -323']",release3finger,False
15:44:16.461392,"['353', ' -111', ' 2181', ' 1392', ' -215', ' -135', ' -484', ' -177', ' 1971']","[' 1453', ' 169', ' 623', ' 758', ' 1461', ' -1125', ' 723', ' 219', ' -304']",release3finger,False
15:44:16.464423,"['206', ' 120', ' 2074', ' 1392', ' -215', ' -135', ' -477', ' -313', ' 1952']","[' 1469', ' 166', ' 572', ' 686', ' 1501', ' -1075', ' 773', ' 259', ' -290']",release3finger,False
15:44:16.468411,"['309', ' 19', ' 2121', ' 1392', ' -215', ' -135', ' -528', ' -207', ' 1940']","[' 1555', ' 243', ' 516', ' 652', ' 1506', ' -1081', ' 741', ' 242', ' -269']",release3finger,False
15:44:16.472401,"['320', ' 32', ' 2070', ' 1392', ' -215', ' -135', ' -667', ' -172', ' 1955']","[' 1498', ' 75', ' 450', ' 671', ' 1498', ' -1099', ' 694', ' 257', ' -239']",release3finger,False
15:44:16.476390,"['101', ' 188', ' 2032', ' 1392', ' -215', ' -135', ' -421', ' -195', ' 1952']","[' 1522', ' 82', ' 478', ' 660', ' 1449', ' -1097', ' 706', ' 195', ' -285']",release3finger,False
15:44:16.480471,"['46', ' 69', ' 1997', ' 1392', ' -215', ' -135', ' -254', ' -179', ' 1986']","[' 1534', ' 237', ' 507', ' 706', ' 1478', ' -1086', ' 710', ' 173', ' -297']",release3finger,False
15:44:16.484375,"['226', ' 122', ' 2012', ' 1392', ' -215', ' -135', ' -578', ' -145', ' 1915']","[' 1521', ' 312', ' 556', ' 729', ' 1488', ' -1119', ' 691', ' 223', ' -243']",release3finger,False
15:44:16.488364,"['151', ' 204', ' 2092', ' 1258', ' -251', ' -43', ' -578', ' -164', ' 1953']","[' 1502', ' 327', ' 563', ' 666', ' 1458', ' -1096', ' 693', ' 268', ' -204']",release3finger,False
15:44:16.491356,"['227', ' 135', ' 2017', ' 1258', ' -251', ' -43', ' -550', ' -107', ' 2001']","[' 1543', ' 296', ' 539', ' 615', ' 1460', ' -1106', ' 707', ' 269', ' -179']",release3finger,False
15:44:16.495420,"['162', ' 194', ' 2048', ' 1258', ' -251', ' -43', ' -526', ' -135', ' 2014']","[' 1558', ' 246', ' 506', ' 518', ' 1397', ' -1121', ' 684', ' 231', ' -153']",release3finger,False
15:44:16.499405,"['190', ' 239', ' 2034', ' 1258', ' -251', ' -43', ' -541', ' -117', ' 1988']","[' 1571', ' 184', ' 480', ' 621', ' 1433', ' -1063', ' 691', ' 257', ' -112']",release3finger,False
15:44:16.503394,"['173', ' 178', ' 2007', ' 1258', ' -251', ' -43', ' -510', ' -52', ' 2000']","[' 1583', ' 176', ' 463', ' 679', ' 1367', ' -1059', ' 731', ' 222', ' -127']",release3finger,False
15:44:16.507391,"['135', ' 173', ' 1971', ' 1258', ' -251', ' -43', ' -448', ' -52', ' 1976']","[' 1577', ' 155', ' 446', ' 771', ' 1378', ' -1027', ' 801', ' 204', ' -149']",release3finger,False
15:44:16.511373,"['133', ' 233', ' 1945', ' 1258', ' -251', ' -43', ' -413', ' -116', ' 1938']","[' 1536', ' 182', ' 428', ' 738', ' 1357', ' -1056', ' 808', ' 215', ' -148']",release3finger,False
15:44:16.515362,"['101', ' 239', ' 1921', ' 1258', ' -251', ' -43', ' -385', ' -76', ' 2004']","[' 1572', ' 234', ' 397', ' 721', ' 1395', ' -1079', ' 830', ' 222', ' -159']",release3finger,False
15:44:16.518359,"['82', ' 207', ' 1968', ' 1258', ' -251', ' -43', ' -430', ' -62', ' 2032']","[' 1613', ' 273', ' 382', ' 683', ' 1401', ' -1106', ' 835', ' 187', ' -172']",release3finger,False
15:44:16.522342,"['130', ' 186', ' 1854', ' 1258', ' -251', ' -43', ' -485', ' -84', ' 2034']","[' 1604', ' 358', ' 389', ' 702', ' 1423', ' -1137', ' 839', ' 157', ' -194']",release3finger,False
15:44:16.526332,"['479', ' 278', ' 1222', ' 1258', ' -251', ' -43', ' -394', ' -280', ' 2148']","[' 1737', ' 1000', ' 516', ' 706', ' 1405', ' -1216', ' 824', ' 177', ' -176']",release3finger,False
15:44:16.530464,"['-562', ' 513', ' 2244', ' 1267', ' -242', ' 25', ' -995', ' -11', ' 1927']","[' 1781', ' 564', ' 567', ' 740', ' 1511', ' -1267', ' 798', ' 145', ' -187']",release3finger,False
15:44:16.534437,"['377', ' -101', ' 2316', ' 1267', ' -242', ' 25', ' -492', ' -19', ' 1861']","[' 1752', ' 263', ' 407', ' 804', ' 1436', ' -1216', ' 736', ' 181', ' -173']",release3finger,False
15:44:16.538426,"['58', ' 246', ' 2095', ' 1267', ' -242', ' 25', ' -872', ' 49', ' 1931']","[' 1718', ' 325', ' 414', ' 763', ' 1367', ' -1195', ' 797', ' 260', ' -136']",release3finger,False
15:44:16.542416,"['290', ' 295', ' 2112', ' 1267', ' -242', ' 25', ' -675', ' -71', ' 1976']","[' 1706', ' 231', ' 468', ' 768', ' 1482', ' -1144', ' 782', ' 239', ' -131']",release3finger,False
15:44:16.545412,"['314', ' 264', ' 2042', ' 1267', ' -242', ' 25', ' -828', ' 22', ' 2037']","[' 1683', ' 128', ' 415', ' 911', ' 1424', ' -1162', ' 688', ' 275', ' -137']",release3finger,False
15:44:16.549401,"['1', ' 246', ' 2064', ' 1267', ' -242', ' 25', ' -523', ' 49', ' 2025']","[' 1637', ' -152', ' 314', ' 908', ' 1297', ' -1163', ' 731', ' 278', ' -214']",release3finger,False
15:44:16.553448,"['-106', ' 257', ' 2031', ' 1267', ' -242', ' 25', ' -358', ' 22', ' 2033']","[' 1614', ' -207', ' 284', ' 809', ' 1381', ' -1125', ' 793', ' 265', ' -260']",release3finger,False
15:44:16.557437,"['-2', ' 232', ' 1966', ' 1267', ' -242', ' 25', ' -473', ' 80', ' 2083']","[' 1573', ' -76', ' 319', ' 774', ' 1398', ' -1129', ' 752', ' 319', ' -223']",release3finger,False
15:44:16.561433,"['-51', ' 395', ' 2048', ' 1267', ' -242', ' 25', ' -431', ' 78', ' 2064']","[' 1532', ' -99', ' 286', ' 747', ' 1374', ' -1184', ' 777', ' 401', ' -174']",release3finger,False
15:44:16.564941,"['-82', ' 470', ' 1962', ' 1267', ' -242', ' 25', ' -399', ' 67', ' 2023']","[' 1556', ' -58', ' 298', ' 620', ' 1422', ' -1238', ' 806', ' 423', ' -153']",release3finger,False
15:44:16.568927,"['26', ' 432', ' 1879', ' 1374', ' -95', ' 57', ' -433', ' 142', ' 2016']","[' 1576', ' -7', ' 304', ' 586', ' 1454', ' -1276', ' 787', ' 366', ' -159']",release3finger,False
15:44:16.572921,"['161', ' 475', ' 1852', ' 1374', ' -95', ' 57', ' -393', ' 218', ' 1994']","[' 1570', ' -15', ' 259', ' 546', ' 1462', ' -1300', ' 754', ' 276', ' -166']",release3finger,False
15:44:16.576904,"['287', ' 508', ' 1862', ' 1374', ' -95', ' 57', ' -431', ' 226', ' 1956']","[' 1554', ' -47', ' 214', ' 641', ' 1447', ' -1301', ' 732', ' 259', ' -146']",release3finger,False
15:44:16.580897,"['320', ' 412', ' 1837', ' 1374', ' -95', ' 57', ' -465', ' 222', ' 1922']","[' 1528', ' -35', ' 209', ' 687', ' 1440', ' -1283', ' 707', ' 258', ' -106']",release3finger,False
15:44:16.583890,"['344', ' 484', ' 1853', ' 1374', ' -95', ' 57', ' -606', ' 222', ' 1884']","[' 1496', ' -80', ' 182', ' 682', ' 1480', ' -1201', ' 690', ' 277', ' -98']",release3finger,False
15:44:16.587879,"['395', ' 493', ' 1868', ' 1374', ' -95', ' 57', ' -511', ' 215', ' 1874']","[' 1458', ' -82', ' 169', ' 743', ' 1452', ' -1134', ' 678', ' 352', ' -17']",release3finger,False
15:44:16.591873,"['310', ' 475', ' 1862', ' 1374', ' -95', ' 57', ' -459', ' 255', ' 1888']","[' 1415', ' -115', ' 136', ' 698', ' 1410', ' -1109', ' 700', ' 325', ' -83']",release3finger,False
15:44:16.596376,"['399', ' 479', ' 1897', ' 1374', ' -95', ' 57', ' -443', ' 281', ' 1883']","[' 1349', ' -139', ' 91', ' 848', ' 1293', ' -1247', ' 693', ' 225', ' -102']",release3finger,False
15:44:16.599373,"['360', ' 505', ' 1943', ' 1374', ' -95', ' 57', ' -451', ' 301', ' 1879']","[' 1336', ' -110', ' 101', ' 769', ' 1410', ' -1250', ' 704', ' 238', ' -128']",release3finger,False
15:44:16.603363,"['315', ' 499', ' 1973', ' 1374', ' -95', ' 57', ' -390', ' 298', ' 1905']","[' 1327', ' -73', ' 107', ' 693', ' 1316', ' -1266', ' 723', ' 275', ' -126']",release3finger,False
15:44:16.607351,"['302', ' 469', ' 2000', ' 1374', ' -95', ' 57', ' -410', ' 320', ' 1928']","[' 1309', ' -28', ' 114', ' 712', ' 1360', ' -1267', ' 737', ' 252', ' -117']",release3finger,False
15:44:16.611342,"['228', ' 469', ' 2023', ' 1402', ' -25', ' 89', ' -438', ' 257', ' 1962']","[' 1305', ' 3', ' 137', ' 682', ' 1365', ' -1238', ' 726', ' 266', ' -115']",release3finger,False
15:44:16.615346,"['191', ' 459', ' 2013', ' 1402', ' -25', ' 89', ' -473', ' 238', ' 1986']","[' 1330', ' 27', ' 140', ' 721', ' 1330', ' -1267', ' 727', ' 278', ' -79']",release3finger,False
15:44:16.619315,"['225', ' 480', ' 1989', ' 1402', ' -25', ' 89', ' -472', ' 238', ' 1997']","[' 1357', ' 54', ' 150', ' 766', ' 1332', ' -1251', ' 717', ' 283', ' -84']",release3finger,False
15:44:16.623304,"['207', ' 498', ' 1972', ' 1402', ' -25', ' 89', ' -479', ' 217', ' 2012']","[' 1382', ' 63', ' 158', ' 807', ' 1314', ' -1229', ' 709', ' 278', ' -89']",release3finger,False
15:44:16.626301,"['215', ' 510', ' 1950', ' 1402', ' -25', ' 89', ' -452', ' 277', ' 1988']","[' 1410', ' 73', ' 170', ' 845', ' 1305', ' -1211', ' 704', ' 291', ' -106']",release3finger,False
15:44:16.630290,"['197', ' 541', ' 1930', ' 1402', ' -25', ' 89', ' -400', ' 334', ' 1915']","[' 1406', ' 92', ' 163', ' 827', ' 1307', ' -1231', ' 716', ' 268', ' -141']",release3finger,False
15:44:16.634280,"['177', ' 503', ' 1923', ' 1402', ' -25', ' 89', ' -381', ' 444', ' 1909']","[' 1425', ' 116', ' 160', ' 817', ' 1361', ' -1261', ' 727', ' 285', ' -141']",release3finger,False
15:44:16.638269,"['172', ' 513', ' 1975', ' 1402', ' -25', ' 89', ' -501', ' 500', ' 1913']","[' 1390', ' 203', ' 188', ' 778', ' 1345', ' -1267', ' 715', ' 296', ' -123']",release3finger,False
15:44:16.642254,"['113', ' 526', ' 1991', ' 1402', ' -25', ' 89', ' -499', ' 423', ' 1896']","[' 1365', ' 190', ' 163', ' 682', ' 1328', ' -1282', ' 692', ' 326', ' -103']",release3finger,False
15:44:16.645500,"['127', ' 539', ' 1962', ' 1402', ' -25', ' 89', ' -498', ' 407', ' 1963']","[' 1387', ' 204', ' 181', ' 713', ' 1275', ' -1278', ' 703', ' 330', ' -91']",release3finger,False
15:44:16.649490,"['177', ' 555', ' 1970', ' 1292', ' -118', ' 151', ' -626', ' 410', ' 1974']","[' 1381', ' 178', ' 173', ' 748', ' 1267', ' -1230', ' 727', ' 282', ' -114']",release3finger,False
15:44:16.653480,"['220', ' 615', ' 1952', ' 1292', ' -118', ' 151', ' -603', ' 394', ' 1902']","[' 1367', ' 163', ' 158', ' 763', ' 1290', ' -1196', ' 733', ' 273', ' -127']",release3finger,False
15:44:16.657807,"['171', ' 701', ' 1910', ' 1292', ' -118', ' 151', ' -706', ' 428', ' 1866']","[' 1383', ' 118', ' 166', ' 793', ' 1257', ' -1284', ' 752', ' 248', ' -134']",release3finger,False
15:44:16.660810,"['73', ' 774', ' 1895', ' 1292', ' -118', ' 151', ' -509', ' 502', ' 1822']","[' 1295', ' 89', ' 144', ' 1004', ' 1350', ' -1295', ' 751', ' 367', ' -54']",release3finger,False
15:44:16.664791,"['218', ' 672', ' 1854', ' 1292', ' -118', ' 151', ' -657', ' 592', ' 1737']","[' 1183', ' 133', ' 143', ' 789', ' 1128', ' -1421', ' 762', ' 331', ' -99']",release3finger,False
15:44:16.668754,"['223', ' 671', ' 1809', ' 1292', ' -118', ' 151', ' -607', ' 613', ' 1744']","[' 1100', ' 58', ' 81', ' 729', ' 1359', ' -1301', ' 762', ' 289', ' -84']",release3finger,False
15:44:16.672743,"['168', ' 740', ' 1845', ' 1292', ' -118', ' 151', ' -552', ' 641', ' 1736']","[' 1003', ' 47', ' 59', ' 745', ' 1307', ' -1378', ' 716', ' 402', ' -14']",release3finger,False
15:44:16.676727,"['242', ' 701', ' 1860', ' 1292', ' -118', ' 151', ' -492', ' 649', ' 1751']","[' 905', ' 55', ' 28', ' 726', ' 1274', ' -1350', ' 690', ' 355', ' -10']",release3finger,False
15:44:16.680145,"['302', ' 722', ' 1840', ' 1292', ' -118', ' 151', ' -528', ' 634', ' 1723']","[' 813', ' 80', ' 17', ' 687', ' 1260', ' -1327', ' 718', ' 333', ' -21']",release3finger,False
15:44:16.684162,"['317', ' 762', ' 1813', ' 1292', ' -118', ' 151', ' -546', ' 620', ' 1726']","[' 759', ' 45', ' -11', ' 724', ' 1284', ' -1353', ' 694', ' 311', ' -21']",release3finger,False
15:44:16.688136,"['252', ' 750', ' 1758', ' 1292', ' -118', ' 151', ' -588', ' 556', ' 1769']","[' 734', ' 32', ' -12', ' 687', ' 1300', ' -1335', ' 706', ' 287', ' -14']",release3finger,False
15:44:16.692120,"['297', ' 715', ' 1776', ' 1127', ' -166', ' 194', ' -555', ' 465', ' 1883']","[' 730', ' 12', ' -14', ' 660', ' 1297', ' -1336', ' 697', ' 309', ' -24']",release3finger,False
15:44:16.695629,"['315', ' 682', ' 1836', ' 1127', ' -166', ' 194', ' -558', ' 385', ' 1987']","[' 754', ' 9', ' -24', ' 679', ' 1264', ' -1297', ' 705', ' 235', ' -29']",release3finger,False
15:44:16.699623,"['297', ' 610', ' 1919', ' 1127', ' -166', ' 194', ' -587', ' 289', ' 2071']","[' 800', ' 10', ' -19', ' 706', ' 1269', ' -1268', ' 692', ' 214', ' -21']",release3finger,False
15:44:16.703608,"['267', ' 559', ' 1977', ' 1127', ' -166', ' 194', ' -613', ' 255', ' 2122']","[' 865', ' 14', ' -17', ' 741', ' 1262', ' -1307', ' 713', ' 221', ' -22']",release3finger,False
15:44:16.707597,"['197', ' 564', ' 2000', ' 1127', ' -166', ' 194', ' -639', ' 238', ' 2130']","[' 935', ' 10', ' 2', ' 756', ' 1290', ' -1331', ' 698', ' 196', ' -16']",release3finger,False
15:44:16.710595,"['72', ' 548', ' 2032', ' 1127', ' -166', ' 194', ' -669', ' 260', ' 2140']","[' 993', ' 1', ' 8', ' 726', ' 1289', ' -1355', ' 663', ' 196', ' -23']",release3finger,False
15:44:16.714583,"['146', ' 523', ' 2049', ' 1127', ' -166', ' 194', ' -639', ' 308', ' 2104']","[' 1049', ' -23', ' 9', ' 730', ' 1288', ' -1369', ' 644', ' 160', ' -13']",release3finger,False
15:44:16.718576,"['138', ' 534', ' 2077', ' 1127', ' -166', ' 194', ' -629', ' 356', ' 2091']","[' 1097', ' -28', ' 27', ' 779', ' 1265', ' -1378', ' 629', ' 147', ' -4']",release3finger,False
15:44:16.722558,"['177', ' 535', ' 2141', ' 1127', ' -166', ' 194', ' -627', ' 411', ' 2058']","[' 1137', ' -59', ' 35', ' 812', ' 1270', ' -1383', ' 618', ' 144', ' 0']",release3finger,False
15:44:16.726547,"['216', ' 540', ' 2157', ' 1127', ' -166', ' 194', ' -645', ' 495', ' 2008']","[' 1159', ' -33', ' 51', ' 839', ' 1208', ' -1386', ' 633', ' 170', ' -23']",release3finger,False
15:44:16.730538,"['223', ' 594', ' 2123', ' 938', ' -125', ' 207', ' -592', ' 526', ' 1978']","[' 1172', ' -44', ' 40', ' 850', ' 1250', ' -1396', ' 642', ' 176', ' -8']",release3finger,False
15:44:16.734526,"['267', ' 653', ' 2086', ' 938', ' -125', ' 207', ' -559', ' 568', ' 1898']","[' 1169', ' -47', ' 51', ' 856', ' 1258', ' -1401', ' 626', ' 232', ' 28']",release3finger,False
15:44:16.738515,"['291', ' 667', ' 1996', ' 938', ' -125', ' 207', ' -501', ' 645', ' 1854']","[' 1130', ' -51', ' 49', ' 803', ' 1283', ' -1411', ' 641', ' 245', ' 49']",release3finger,False
15:44:16.741507,"['276', ' 670', ' 1919', ' 938', ' -125', ' 207', ' -582', ' 711', ' 1792']","[' 1082', ' -18', ' 45', ' 836', ' 1318', ' -1483', ' 616', ' 240', ' 41']",release3finger,False
15:44:16.745497,"['228', ' 730', ' 1917', ' 938', ' -125', ' 207', ' -539', ' 755', ' 1727']","[' 986', ' -21', ' 43', ' 800', ' 1296', ' -1513', ' 571', ' 201', ' 35']",release3finger,False
15:44:16.749486,"['276', ' 749', ' 1919', ' 938', ' -125', ' 207', ' -524', ' 763', ' 1714']","[' 910', ' 16', ' 66', ' 879', ' 1267', ' -1511', ' 536', ' 205', ' 55']",release3finger,False
15:44:16.753475,"['255', ' 731', ' 1881', ' 938', ' -125', ' 207', ' -580', ' 766', ' 1740']","[' 833', ' 21', ' 46', ' 916', ' 1261', ' -1491', ' 514', ' 210', ' 56']",release3finger,False
15:44:16.757465,"['209', ' 757', ' 1865', ' 938', ' -125', ' 207', ' -581', ' 750', ' 1738']","[' 732', ' 30', ' 48', ' 908', ' 1253', ' -1473', ' 480', ' 222', ' 52']",release3finger,False
15:44:16.760461,"['232', ' 753', ' 1866', ' 938', ' -125', ' 207', ' -545', ' 709', ' 1807']","[' 676', ' 62', ' 43', ' 864', ' 1262', ' -1427', ' 440', ' 253', ' 80']",release3finger,False
15:44:16.764450,"['255', ' 770', ' 1890', ' 938', ' -125', ' 207', ' -598', ' 679', ' 1874']","[' 665', ' 32', ' 35', ' 816', ' 1209', ' -1397', ' 415', ' 267', ' 79']",release3finger,False
15:44:16.768435,"['191', ' 830', ' 1906', ' 752', ' -92', ' 179', ' -604', ' 650', ' 1912']","[' 632', ' 46', ' 36', ' 771', ' 1198', ' -1339', ' 417', ' 256', ' 84']",release3finger,False
15:44:16.773422,"['163', ' 794', ' 1861', ' 752', ' -92', ' 179', ' -648', ' 642', ' 1874']","[' 626', ' 107', ' 81', ' 747', ' 1258', ' -1380', ' 439', ' 172', ' 74']",release3finger,False
15:44:16.776420,"['218', ' 833', ' 1835', ' 752', ' -92', ' 179', ' -721', ' 662', ' 1804']","[' 617', ' 71', ' 70', ' 786', ' 1180', ' -1300', ' 453', ' 174', ' 97']",release3finger,False
15:44:16.780413,"['242', ' 769', ' 1800', ' 752', ' -92', ' 179', ' -664', ' 723', ' 1750']","[' 585', ' 66', ' 72', ' 845', ' 1189', ' -1324', ' 448', ' 183', ' 111']",release3finger,False
15:44:16.783403,"['235', ' 841', ' 1766', ' 752', ' -92', ' 179', ' -624', ' 762', ' 1703']","[' 542', ' 29', ' 54', ' 775', ' 1219', ' -1301', ' 448', ' 153', ' 73']",release3finger,False
15:44:16.787394,"['259', ' 879', ' 1742', ' 752', ' -92', ' 179', ' -589', ' 798', ' 1689']","[' 498', ' 13', ' 43', ' 837', ' 1196', ' -1346', ' 456', ' 139', ' 68']",release3finger,False
15:44:16.791387,"['228', ' 886', ' 1708', ' 752', ' -92', ' 179', ' -609', ' 777', ' 1726']","[' 438', ' -19', ' 20', ' 815', ' 1204', ' -1318', ' 455', ' 122', ' 56']",release3finger,False
15:44:16.794892,"['197', ' 893', ' 1717', ' 752', ' -92', ' 179', ' -620', ' 728', ' 1782']","[' 412', ' -7', ' 14', ' 753', ' 1154', ' -1326', ' 466', ' 105', ' 42']",release3finger,False
15:44:16.798881,"['233', ' 838', ' 1741', ' 752', ' -92', ' 179', ' -616', ' 659', ' 1867']","[' 398', ' -22', ' 20', ' 761', ' 1193', ' -1351', ' 464', ' 96', ' 46']",release3finger,False
15:44:16.802875,"['231', ' 810', ' 1764', ' 752', ' -92', ' 179', ' -592', ' 643', ' 1895']","[' 390', ' -31', ' 18', ' 787', ' 1181', ' -1355', ' 440', ' 82', ' 62']",release3finger,False
15:44:16.806864,"['280', ' 801', ' 1820', ' 752', ' -92', ' 179', ' -562', ' 647', ' 1874']","[' 370', ' -36', ' -1', ' 772', ' 1189', ' -1364', ' 445', ' 79', ' 49']",release3finger,False
15:44:16.810854,"['307', ' 787', ' 1837', ' 627', ' -66', ' 142', ' -549', ' 682', ' 1838']","[' 344', ' -33', ' -10', ' 773', ' 1200', ' -1383', ' 420', ' 59', ' 61']",release3finger,False
15:44:16.814839,"['292', ' 755', ' 1905', ' 627', ' -66', ' 142', ' -519', ' 710', ' 1793']","[' 312', ' -24', ' -17', ' 828', ' 1203', ' -1380', ' 390', ' 41', ' 61']",release3finger,False
15:44:16.818828,"['245', ' 743', ' 1897', ' 627', ' -66', ' 142', ' -521', ' 757', ' 1787']","[' 275', ' -7', ' -18', ' 856', ' 1208', ' -1381', ' 356', ' 30', ' 61']",release3finger,False
15:44:16.822817,"['207', ' 759', ' 1908', ' 627', ' -66', ' 142', ' -515', ' 794', ' 1769']","[' 242', ' -2', ' -26', ' 855', ' 1170', ' -1368', ' 350', ' 61', ' 71']",release3finger,False
15:44:16.825814,"['194', ' 780', ' 1889', ' 627', ' -66', ' 142', ' -513', ' 774', ' 1770']","[' 194', ' 9', ' -36', ' 844', ' 1187', ' -1368', ' 341', ' 70', ' 81']",release3finger,False
15:44:16.829883,"['193', ' 795', ' 1851', ' 627', ' -66', ' 142', ' -528', ' 799', ' 1762']","[' 156', ' 27', ' -40', ' 847', ' 1175', ' -1380', ' 325', ' 83', ' 81']",release3finger,False
15:44:16.833833,"['196', ' 805', ' 1821', ' 627', ' -66', ' 142', ' -527', ' 786', ' 1770']","[' 106', ' 44', ' -31', ' 832', ' 1188', ' -1377', ' 320', ' 86', ' 80']",release3finger,False
15:44:16.837845,"['261', ' 812', ' 1829', ' 627', ' -66', ' 142', ' -558', ' 793', ' 1775']","[' 46', ' 56', ' -38', ' 821', ' 1171', ' -1371', ' 311', ' 103', ' 82']",release3finger,False
15:44:16.841127,"['316', ' 786', ' 1865', ' 627', ' -66', ' 142', ' -560', ' 804', ' 1763']","[' 0', ' 55', ' -46', ' 814', ' 1161', ' -1378', ' 307', ' 117', ' 97']",release3finger,False
15:44:16.845117,"['314', ' 792', ' 1885', ' 627', ' -66', ' 142', ' -579', ' 793', ' 1758']","[' -58', ' 63', ' -48', ' 814', ' 1153', ' -1367', ' 305', ' 112', ' 99']",release3finger,False
15:44:16.849070,"['292', ' 770', ' 1885', ' 440', ' -25', ' 133', ' -562', ' 770', ' 1785']","[' -83', ' 36', ' -44', ' 831', ' 1168', ' -1376', ' 292', ' 108', ' 112']",release3finger,False
15:44:16.853055,"['258', ' 778', ' 1915', ' 440', ' -25', ' 133', ' -568', ' 745', ' 1817']","[' -113', ' 24', ' -57', ' 860', ' 1140', ' -1344', ' 292', ' 126', ' 100']",release3finger,False
15:44:16.857049,"['230', ' 787', ' 1875', ' 440', ' -25', ' 133', ' -545', ' 689', ' 1875']","[' -121', ' 26', ' -76', ' 880', ' 1146', ' -1373', ' 291', ' 121', ' 77']",release3finger,False
15:44:16.861034,"['221', ' 790', ' 1873', ' 440', ' -25', ' 133', ' -543', ' 657', ' 1909']","[' -128', ' 39', ' -73', ' 837', ' 1178', ' -1385', ' 292', ' 129', ' 71']",release3finger,False
15:44:16.865023,"['241', ' 784', ' 1858', ' 440', ' -25', ' 133', ' -541', ' 666', ' 1902']","[' -139', ' 37', ' -82', ' 780', ' 1173', ' -1405', ' 295', ' 114', ' 75']",release3finger,False
15:44:16.869012,"['263', ' 749', ' 1891', ' 440', ' -25', ' 133', ' -556', ' 666', ' 1893']","[' -138', ' 64', ' -75', ' 760', ' 1176', ' -1419', ' 277', ' 109', ' 91']",release3finger,False
15:44:16.872009,"['260', ' 724', ' 1915', ' 440', ' -25', ' 133', ' -572', ' 697', ' 1873']","[' -145', ' 63', ' -78', ' 736', ' 1169', ' -1437', ' 258', ' 91', ' 107']",release3finger,False
15:44:16.875998,"['229', ' 736', ' 1931', ' 440', ' -25', ' 133', ' -590', ' 676', ' 1869']","[' -174', ' 67', ' -89', ' 769', ' 1173', ' -1455', ' 245', ' 62', ' 127']",release3finger,False
15:44:16.880213,"['198', ' 712', ' 1926', ' 440', ' -25', ' 133', ' -582', ' 659', ' 1893']","[' -187', ' 60', ' -101', ' 774', ' 1170', ' -1471', ' 225', ' 46', ' 126']",release3finger,False
15:44:16.883410,"['215', ' 701', ' 1951', ' 440', ' -25', ' 133', ' -639', ' 629', ' 1926']","[' -191', ' 33', ' -114', ' 820', ' 1161', ' -1446', ' 206', ' 12', ' 119']",release3finger,False
15:44:16.887245,"['230', ' 685', ' 1989', ' 440', ' -25', ' 133', ' -645', ' 589', ' 1974']","[' -177', ' 25', ' -106', ' 878', ' 1149', ' -1417', ' 195', ' -2', ' 118']",release3finger,False
15:44:16.891200,"['233', ' 651', ' 1991', ' 147', ' -3', ' 114', ' -655', ' 543', ' 2045']","[' -145', ' 11', ' -96', ' 873', ' 1154', ' -1435', ' 176', ' -10', ' 115']",release3finger,False
15:44:16.895531,"['203', ' 656', ' 2011', ' 147', ' -3', ' 114', ' -634', ' 546', ' 2039']","[' -130', ' -2', ' -94', ' 886', ' 1150', ' -1461', ' 160', ' -11', ' 108']",release3finger,False
15:44:16.899513,"['170', ' 664', ' 2023', ' 147', ' -3', ' 114', ' -604', ' 590', ' 2001']","[' -111', ' 3', ' -87', ' 910', ' 1167', ' -1477', ' 147', ' -28', ' 107']",release3finger,False
15:44:16.902730,"['207', ' 665', ' 2011', ' 147', ' -3', ' 114', ' -591', ' 628', ' 1940']","[' -98', ' 14', ' -82', ' 952', ' 1159', ' -1495', ' 125', ' -35', ' 80']",release3finger,False
15:44:16.906759,"['213', ' 654', ' 2026', ' 147', ' -3', ' 114', ' -584', ' 654', ' 1878']","[' -117', ' 24', ' -77', ' 1006', ' 1164', ' -1492', ' 99', ' -28', ' 71']",release3finger,False
15:44:16.910788,"['247', ' 647', ' 2046', ' 147', ' -3', ' 114', ' -575', ' 679', ' 1871']","[' -149', ' 39', ' -74', ' 1016', ' 1141', ' -1480', ' 82', ' -15', ' 68']",release3finger,False
15:44:16.914737,"['275', ' 637', ' 2070', ' 147', ' -3', ' 114', ' -558', ' 673', ' 1891']","[' -176', ' 48', ' -61', ' 985', ' 1155', ' -1497', ' 62', ' 16', ' 59']",release3finger,False
15:44:16.918727,"['300', ' 623', ' 2074', ' 147', ' -3', ' 114', ' -585', ' 637', ' 1960']","[' -198', ' 48', ' -73', ' 918', ' 1167', ' -1493', ' 44', ' 24', ' 44']",release3finger,False
15:44:16.922716,"['304', ' 647', ' 2091', ' 147', ' -3', ' 114', ' -586', ' 596', ' 2010']","[' -200', ' 52', ' -76', ' 866', ' 1161', ' -1495', ' 22', ' 32', ' 45']",release3finger,False
15:44:16.926705,"['317', ' 639', ' 2066', ' 147', ' -3', ' 114', ' -601', ' 565', ' 2027']","[' -186', ' 35', ' -71', ' 835', ' 1170', ' -1496', ' 0', ' 25', ' 52']",release3finger,False
15:44:16.929697,"['300', ' 647', ' 2026', ' -75', ' 1', ' 85', ' -587', ' 589', ' 2008']","[' -165', ' 54', ' -72', ' 816', ' 1157', ' -1482', ' -10', ' 13', ' 72']",release3finger,False
15:44:16.933685,"['296', ' 696', ' 1982', ' -75', ' 1', ' 85', ' -569', ' 624', ' 1959']","[' -169', ' 57', ' -73', ' 814', ' 1117', ' -1485', ' -10', ' 0', ' 66']",release3finger,False
15:44:16.937676,"['237', ' 723', ' 1958', ' -75', ' 1', ' 85', ' -590', ' 701', ' 1879']","[' -173', ' 89', ' -48', ' 857', ' 1123', ' -1457', ' -15', ' -8', ' 75']",release3finger,False
15:44:16.941665,"['209', ' 770', ' 1925', ' -75', ' 1', ' 85', ' -622', ' 761', ' 1822']","[' -199', ' 77', ' -43', ' 885', ' 1128', ' -1437', ' 2', ' -23', ' 56']",release3finger,False
15:44:16.945654,"['213', ' 805', ' 1905', ' -75', ' 1', ' 85', ' -578', ' 820', ' 1759']","[' -226', ' 30', ' -68', ' 895', ' 1120', ' -1420', ' -1', ' -35', ' 45']",release3finger,False
15:44:16.949644,"['226', ' 823', ' 1868', ' -75', ' 1', ' 85', ' -533', ' 845', ' 1725']","[' -277', ' 28', ' -70', ' 889', ' 1106', ' -1394', ' 4', ' -12', ' 41']",release3finger,False
15:44:16.953632,"['289', ' 808', ' 1848', ' -75', ' 1', ' 85', ' -534', ' 819', ' 1740']","[' -322', ' 34', ' -83', ' 851', ' 1132', ' -1369', ' 24', ' 19', ' 51']",release3finger,False
15:44:16.956630,"['281', ' 849', ' 1792', ' -75', ' 1', ' 85', ' -541', ' 776', ' 1794']","[' -358', ' 49', ' -68', ' 810', ' 1099', ' -1361', ' 30', ' 28', ' 58']",release3finger,False
15:44:16.960619,"['303', ' 805', ' 1793', ' -75', ' 1', ' 85', ' -570', ' 720', ' 1851']","[' -372', ' 42', ' -82', ' 744', ' 1128', ' -1371', ' 46', ' 3', ' 54']",release3finger,False
15:44:16.964608,"['277', ' 794', ' 1825', ' -75', ' 1', ' 85', ' -558', ' 678', ' 1900']","[' -392', ' 48', ' -77', ' 769', ' 1142', ' -1387', ' 56', ' -29', ' 51']",release3finger,False
15:44:16.968612,"['268', ' 745', ' 1850', ' -75', ' 1', ' 85', ' -582', ' 610', ' 1940']","[' -381', ' 47', ' -86', ' 761', ' 1148', ' -1412', ' 35', ' -24', ' 47']",release3finger,False
15:44:16.972587,"['255', ' 711', ' 1883', ' -150', ' 0', ' 62', ' -548', ' 609', ' 1905']","[' -386', ' 21', ' -92', ' 769', ' 1150', ' -1422', ' 30', ' -32', ' 66']",release3finger,False
15:44:16.976579,"['286', ' 719', ' 1899', ' -150', ' 0', ' 62', ' -557', ' 647', ' 1865']","[' -375', ' 24', ' -107', ' 798', ' 1139', ' -1408', ' 14', ' -51', ' 54']",release3finger,False
15:44:16.980563,"['304', ' 704', ' 1907', ' -150', ' 0', ' 62', ' -543', ' 644', ' 1856']","[' -377', ' 17', ' -105', ' 821', ' 1125', ' -1402', ' 4', ' -69', ' 52']",release3finger,False
15:44:16.983561,"['304', ' 700', ' 1892', ' -150', ' 0', ' 62', ' -552', ' 669', ' 1831']","[' -389', ' 18', ' -122', ' 829', ' 1130', ' -1387', ' -9', ' -65', ' 49']",release3finger,False
15:44:16.987549,"['262', ' 666', ' 1906', ' -150', ' 0', ' 62', ' -533', ' 629', ' 1841']","[' -394', ' 22', ' -113', ' 820', ' 1126', ' -1407', ' 0', ' -62', ' 53']",release3finger,False
15:44:16.991538,"['258', ' 679', ' 1922', ' -150', ' 0', ' 62', ' -550', ' 599', ' 1869']","[' -390', ' 31', ' -108', ' 868', ' 1130', ' -1376', ' -28', ' -64', ' 58']",release3finger,False
15:44:16.996040,"['238', ' 676', ' 1937', ' -150', ' 0', ' 62', ' -565', ' 561', ' 1949']","[' -374', ' 13', ' -114', ' 893', ' 1160', ' -1405', ' -34', ' -56', ' 49']",release3finger,False
15:44:17.000029,"['232', ' 650', ' 1939', ' -150', ' 0', ' 62', ' -553', ' 530', ' 1971']","[' -355', ' 35', ' -104', ' 898', ' 1138', ' -1423', ' -51', ' -16', ' 53']",release3finger,False
15:44:17.003021,"['281', ' 633', ' 1932', ' -150', ' 0', ' 62', ' -500', ' 523', ' 2002']","[' -318', ' 44', ' -90', ' 843', ' 1144', ' -1417', ' -62', ' 7', ' 61']",release3finger,False
15:44:17.007016,"['254', ' 649', ' 1930', ' -150', ' 0', ' 62', ' -601', ' 536', ' 1958']","[' -280', ' 72', ' -60', ' 812', ' 1132', ' -1444', ' -91', ' -3', ' 69']",release3finger,False
15:44:17.011005,"['300', ' 614', ' 1992', ' -176', ' 4', ' 47', ' -644', ' 566', ' 1923']","[' -261', ' 32', ' -82', ' 830', ' 1162', ' -1451', ' -93', ' -44', ' 62']",release3finger,False
15:44:17.014995,"['247', ' 612', ' 1997', ' -176', ' 4', ' 47', ' -626', ' 550', ' 1922']","[' -256', ' 30', ' -65', ' 842', ' 1159', ' -1462', ' -128', ' -39', ' 68']",release3finger,False
15:44:17.018979,"['221', ' 608', ' 1994', ' -176', ' 4', ' 47', ' -647', ' 581', ' 1929']","[' -270', ' 22', ' -70', ' 870', ' 1156', ' -1470', ' -160', ' -41', ' 77']",release3finger,False
15:44:17.022968,"['204', ' 635', ' 2010', ' -176', ' 4', ' 47', ' -638', ' 586', ' 1930']","[' -267', ' 14', ' -66', ' 902', ' 1135', ' -1438', ' -169', ' -32', ' 78']",release3finger,False
15:44:17.026957,"['175', ' 640', ' 1988', ' -176', ' 4', ' 47', ' -616', ' 591', ' 1940']","[' -275', ' 5', ' -63', ' 975', ' 1130', ' -1412', ' -180', ' -42', ' 55']",release3finger,False
15:44:17.030947,"['191', ' 628', ' 1984', ' -176', ' 4', ' 47', ' -634', ' 593', ' 1937']","[' -281', ' 18', ' -63', ' 978', ' 1122', ' -1401', ' -190', ' -48', ' 45']",release3finger,False
15:44:17.033939,"['200', ' 662', ' 1996', ' -176', ' 4', ' 47', ' -622', ' 609', ' 1911']","[' -302', ' 8', ' -61', ' 981', ' 1131', ' -1418', ' -187', ' -33', ' 31']",release3finger,False
15:44:17.037933,"['218', ' 654', ' 1997', ' -176', ' 4', ' 47', ' -607', ' 638', ' 1898']","[' -336', ' 23', ' -64', ' 990', ' 1134', ' -1392', ' -212', ' -35', ' 17']",release3finger,False
15:44:17.041918,"['236', ' 648', ' 1992', ' -176', ' 4', ' 47', ' -584', ' 668', ' 1865']","[' -371', ' 31', ' -68', ' 975', ' 1141', ' -1403', ' -215', ' -20', ' -2']",release3finger,False
15:44:17.045911,"['259', ' 684', ' 1980', ' -176', ' 4', ' 47', ' -565', ' 696', ' 1842']","[' -408', ' 28', ' -58', ' 968', ' 1118', ' -1419', ' -223', ' 6', ' 0']",release3finger,False
15:44:17.049901,"['275', ' 678', ' 1974', ' -239', ' 20', ' 28', ' -543', ' 708', ' 1819']","[' -449', ' 37', ' -65', ' 923', ' 1155', ' -1425', ' -225', ' 24', ' 7']",release3finger,False
15:44:17.053885,"['281', ' 707', ' 1929', ' -239', ' 20', ' 28', ' -521', ' 693', ' 1817']","[' -508', ' 56', ' -63', ' 867', ' 1100', ' -1451', ' -227', ' 67', ' 18']",release3finger,False
15:44:17.057875,"['281', ' 746', ' 1971', ' -239', ' 20', ' 28', ' -476', ' 654', ' 1860']","[' -555', ' 73', ' -89', ' 1021', ' 1296', ' -1383', ' -226', ' 77', ' 5']",release3finger,False
15:44:17.060872,"['275', ' 678', ' 2003', ' -239', ' 20', ' 28', ' -551', ' 599', ' 1912']","[' -599', ' 84', ' -110', ' 891', ' 1175', ' -1398', ' -249', ' 45', ' -11']",release3finger,False
15:44:17.064861,"['281', ' 628', ' 2074', ' -239', ' 20', ' 28', ' -572', ' 529', ' 1976']","[' -586', ' 87', ' -105', ' 917', ' 1180', ' -1365', ' -247', ' 74', ' -11']",release3finger,False
15:44:17.068850,"['296', ' 567', ' 2102', ' -239', ' 20', ' 28', ' -498', ' 481', ' 2029']","[' -583', ' 104', ' -106', ' 882', ' 1159', ' -1398', ' -261', ' 94', ' -14']",release3finger,False
15:44:17.072839,"['306', ' 512', ' 2093', ' -239', ' 20', ' 28', ' -514', ' 475', ' 2024']","[' -552', ' 120', ' -97', ' 848', ' 1183', ' -1406', ' -265', ' 93', ' 13']",release3finger,False
15:44:17.076829,"['290', ' 559', ' 2098', ' -239', ' 20', ' 28', ' -539', ' 532', ' 1995']","[' -536', ' 119', ' -125', ' 827', ' 1173', ' -1437', ' -293', ' 89', ' 0']",release3finger,False
15:44:17.080828,"['288', ' 554', ' 2071', ' -239', ' 20', ' 28', ' -499', ' 518', ' 1974']","[' -534', ' 130', ' -124', ' 884', ' 1208', ' -1430', ' -323', ' 78', ' 2']",release3finger,False
15:44:17.084812,"['304', ' 564', ' 2071', ' -239', ' 20', ' 28', ' -527', ' 486', ' 1989']","[' -534', ' 169', ' -102', ' 866', ' 1181', ' -1449', ' -347', ' 79', ' -18']",release3finger,False
15:44:17.088801,"['378', ' 503', ' 2077', ' -239', ' 20', ' 28', ' -514', ' 463', ' 2035']","[' -508', ' 190', ' -96', ' 957', ' 1228', ' -1446', ' -362', ' 125', ' 18']",release3finger,False
15:44:17.092790,"['352', ' 510', ' 2121', ' -299', ' 39', ' 5', ' -537', ' 476', ' 2023']","[' -501', ' 198', ' -96', ' 943', ' 1207', ' -1429', ' -394', ' 165', ' 38']",release3finger,False
15:44:17.096300,"['352', ' 517', ' 2130', ' -299', ' 39', ' 5', ' -500', ' 501', ' 2003']","[' -489', ' 218', ' -98', ' 917', ' 1230', ' -1429', ' -414', ' 187', ' 41']",release3finger,False
15:44:17.100289,"['395', ' 503', ' 2120', ' -299', ' 39', ' 5', ' -495', ' 499', ' 1983']","[' -505', ' 242', ' -108', ' 903', ' 1215', ' -1456', ' -445', ' 188', ' 18']",release3finger,False
15:44:17.104279,"['368', ' 549', ' 2096', ' -299', ' 39', ' 5', ' -440', ' 528', ' 1942']","[' -537', ' 254', ' -121', ' 946', ' 1244', ' -1482', ' -467', ' 182', ' 19']",release3finger,False
15:44:17.107271,"['390', ' 544', ' 2062', ' -299', ' 39', ' 5', ' -478', ' 522', ' 1921']","[' -568', ' 311', ' -129', ' 1005', ' 1243', ' -1483', ' -509', ' 193', ' 20']",release3finger,False
15:44:17.111265,"['362', ' 571', ' 2062', ' -299', ' 39', ' 5', ' -519', ' 526', ' 1926']","[' -614', ' 339', ' -154', ' 1043', ' 1228', ' -1449', ' -560', ' 230', ' 15']",release3finger,False
15:44:17.115250,"['401', ' 587', ' 2036', ' -299', ' 39', ' 5', ' -441', ' 536', ' 1911']","[' -674', ' 356', ' -152', ' 1051', ' 1217', ' -1410', ' -600', ' 221', ' -12']",release3finger,False
15:44:17.119239,"['351', ' 537', ' 2075', ' -299', ' 39', ' 5', ' -552', ' 517', ' 1904']","[' -718', ' 425', ' -143', ' 1020', ' 1200', ' -1393', ' -616', ' 266', ' -9']",release3finger,False
15:44:17.123228,"['295', ' 475', ' 2098', ' -299', ' 39', ' 5', ' -576', ' 505', ' 1925']","[' -733', ' 368', ' -180', ' 918', ' 1206', ' -1387', ' -625', ' 289', ' -19']",release3finger,False
15:44:17.127218,"['354', ' 449', ' 2155', ' -299', ' 39', ' 5', ' -565', ' 458', ' 1965']","[' -730', ' 382', ' -179', ' 847', ' 1190', ' -1365', ' -628', ' 283', ' -34']",release3finger,False
15:44:17.131207,"['349', ' 500', ' 2166', ' -330', ' 93', ' -19', ' -586', ' 454', ' 1979']","[' -714', ' 368', ' -186', ' 815', ' 1176', ' -1365', ' -633', ' 278', ' -22']",release3finger,False
15:44:17.135200,"['354', ' 506', ' 2157', ' -330', ' 93', ' -19', ' -536', ' 446', ' 2009']","[' -725', ' 396', ' -179', ' 820', ' 1219', ' -1329', ' -637', ' 214', ' -45']",release3finger,False
15:44:17.138188,"['282', ' 482', ' 2128', ' -330', ' 93', ' -19', ' -605', ' 446', ' 1979']","[' -707', ' 388', ' -199', ' 810', ' 1161', ' -1288', ' -605', ' 251', ' -40']",release3finger,False
15:44:17.142177,"['254', ' 479', ' 2131', ' -330', ' 93', ' -19', ' -573', ' 408', ' 2018']","[' -643', ' 350', ' -208', ' 882', ' 1146', ' -1305', ' -547', ' 192', ' -123']",release3finger,False
15:44:17.146167,"['241', ' 504', ' 2094', ' -330', ' 93', ' -19', ' -595', ' 384', ' 2044']","[' -595', ' 329', ' -198', ' 884', ' 1238', ' -1312', ' -537', ' 221', ' -121']",release3finger,False
15:44:17.150155,"['239', ' 568', ' 2060', ' -330', ' 93', ' -19', ' -595', ' 368', ' 2042']","[' -521', ' 338', ' -174', ' 913', ' 1215', ' -1350', ' -546', ' 234', ' -113']",release3finger,False
15:44:17.154150,"['243', ' 586', ' 1998', ' -330', ' 93', ' -19', ' -523', ' 404', ' 2028']","[' -476', ' 348', ' -182', ' 888', ' 1256', ' -1340', ' -576', ' 245', ' -99']",release3finger,False
15:44:17.158140,"['211', ' 631', ' 1981', ' -330', ' 93', ' -19', ' -489', ' 416', ' 1987']","[' -421', ' 412', ' -167', ' 857', ' 1187', ' -1330', ' -529', ' 265', ' -87']",release3finger,False
15:44:17.162125,"['277', ' 588', ' 1962', ' -330', ' 93', ' -19', ' -532', ' 456', ' 1947']","[' -367', ' 320', ' -227', ' 882', ' 1216', ' -1334', ' -485', ' 296', ' -93']",release3finger,False
15:44:17.166114,"['315', ' 618', ' 1976', ' -330', ' 93', ' -19', ' -364', ' 477', ' 1900']","[' -403', ' 379', ' -226', ' 947', ' 1322', ' -1355', ' -540', ' 324', ' -74']",release3finger,False
15:44:17.170104,"['351', ' 589', ' 2006', ' -330', ' 93', ' -19', ' -454', ' 488', ' 1913']","[' -432', ' 491', ' -219', ' 883', ' 1274', ' -1339', ' -545', ' 346', ' -73']",release3finger,False
15:44:17.173099,"['409', ' 553', ' 1993', ' -309', ' 211', ' -85', ' -354', ' 440', ' 1908']","[' -468', ' 504', ' -242', ' 977', ' 1290', ' -1335', ' -554', ' 304', ' -120']",release3finger,False
15:44:17.177089,"['434', ' 510', ' 2056', ' -309', ' 211', ' -85', ' -373', ' 398', ' 1953']","[' -438', ' 528', ' -262', ' 1056', ' 1282', ' -1357', ' -561', ' 404', ' -69']",release3finger,False
15:44:17.181076,"['432', ' 458', ' 2073', ' -309', ' 211', ' -85', ' -262', ' 396', ' 1973']","[' -443', ' 587', ' -295', ' 1166', ' 1207', ' -1315', ' -477', ' 527', ' -43']",release3finger,False
15:44:17.185066,"['342', ' 640', ' 2089', ' -309', ' 211', ' -85', ' -397', ' 370', ' 2065']","[' -407', ' 516', ' -339', ' 1103', ' 1356', ' -1342', ' -483', ' 707', ' -65']",release3finger,False
15:44:17.189055,"['949', ' 486', ' 2118', ' -309', ' 211', ' -85', ' 80', ' 410', ' 2077']","[' -396', ' 812', ' -184', ' 1179', ' 1338', ' -1447', ' -605', ' 691', ' -54']",release3finger,False
15:44:17.193044,"['565', ' 510', ' 2088', ' -309', ' 211', ' -85', ' -206', ' 339', ' 2042']","[' -429', ' 1072', ' -151', ' 1198', ' 1324', ' -1486', ' -610', ' 831', ' -23']",release3finger,False
15:44:17.196547,"['528', ' 418', ' 2047', ' -309', ' 211', ' -85', ' -231', ' 330', ' 2037']","[' -387', ' 1065', ' -223', ' 1069', ' 1343', ' -1477', ' -598', ' 888', ' -99']",release3finger,False
15:44:17.200536,"['741', ' 420', ' 2162', ' -309', ' 211', ' -85', ' -161', ' 375', ' 1912']","[' -352', ' 1107', ' -212', ' 1116', ' 1424', ' -1488', ' -688', ' 887', ' -113']",release3finger,False
15:44:17.204530,"['668', ' 470', ' 2147', ' -309', ' 211', ' -85', ' -218', ' 423', ' 1962']","[' -341', ' 1224', ' -224', ' 1040', ' 1378', ' -1500', ' -744', ' 974', ' -93']",release3finger,False
15:44:17.208515,"['550', ' 503', ' 2108', ' -309', ' 211', ' -85', ' -335', ' 446', ' 1987']","[' -432', ' 1252', ' -281', ' 1124', ' 1430', ' -1422', ' -783', ' 1080', ' -54']",release3finger,False
15:44:17.212504,"['696', ' 563', ' 2087', ' -196', ' 344', ' -203', ' -125', ' 420', ' 1837']","[' -520', ' 1285', ' -336', ' 875', ' 1400', ' -1396', ' -875', ' 1144', ' -53']",release3finger,False
15:44:17.216493,"['651', ' 484', ' 2028', ' -196', ' 344', ' -203', ' -262', ' 349', ' 1929']","[' -466', ' 1401', ' -353', ' 918', ' 1331', ' -1427', ' -849', ' 1115', ' -50']",release3finger,False
15:44:17.220483,"['596', ' 495', ' 2005', ' -196', ' 344', ' -203', ' -263', ' 375', ' 2004']","[' -456', ' 1335', ' -439', ' 979', ' 1423', ' -1350', ' -853', ' 1226', ' -9']",release3finger,False
15:44:17.224472,"['735', ' 484', ' 2034', ' -196', ' 344', ' -203', ' -110', ' 288', ' 1963']","[' -488', ' 1454', ' -452', ' 988', ' 1374', ' -1337', ' -951', ' 1263', ' 23']",release3finger,False
15:44:17.227469,"['638', ' 536', ' 2028', ' -196', ' 344', ' -203', ' -416', ' 216', ' 2015']","[' -428', ' 1608', ' -447', ' 936', ' 1346', ' -1295', ' -971', ' 1256', ' -13']",release3finger,False
15:44:17.231458,"['664', ' 577', ' 2012', ' -196', ' 344', ' -203', ' -420', ' 282', ' 2034']","[' -400', ' 1574', ' -475', ' 814', ' 1358', ' -1303', ' -1032', ' 1242', ' -36']",release3finger,False
15:44:17.235448,"['566', ' 556', ' 1991', ' -196', ' 344', ' -203', ' -426', ' 305', ' 1988']","[' -390', ' 1682', ' -449', ' 882', ' 1353', ' -1337', ' -1056', ' 1262', ' 42']",release3finger,False
15:44:17.239437,"['500', ' 514', ' 1955', ' -196', ' 344', ' -203', ' -550', ' 297', ' 1973']","[' -365', ' 1769', ' -430', ' 983', ' 1361', ' -1287', ' -1068', ' 1419', ' 150']",release3finger,False
15:44:17.243427,"['443', ' 495', ' 1994', ' -196', ' 344', ' -203', ' -616', ' 295', ' 1900']","[' -313', ' 1722', ' -448', ' 971', ' 1311', ' -1245', ' -1084', ' 1473', ' 137']",release3finger,False
15:44:17.247416,"['261', ' 526', ' 1997', ' -196', ' 344', ' -203', ' -712', ' 333', ' 1882']","[' -221', ' 1679', ' -474', ' 940', ' 1319', ' -1210', ' -1060', ' 1418', ' 87']",release3finger,False
15:44:17.251400,"['198', ' 494', ' 1957', ' -25', ' 575', ' -349', ' -553', ' 374', ' 1851']","[' -218', ' 1676', ' -461', ' 915', ' 1319', ' -1203', ' -1081', ' 1474', ' 102']",release3finger,False
15:44:17.255390,"['39', ' 606', ' 1882', ' -25', ' 575', ' -349', ' -664', ' 394', ' 1781']","[' -218', ' 1756', ' -452', ' 898', ' 1289', ' -1179', ' -1068', ' 1573', ' 160']",release3finger,False
15:44:17.258387,"['25', ' 663', ' 1823', ' -25', ' 575', ' -349', ' -670', ' 392', ' 1734']","[' -181', ' 1678', ' -486', ' 817', ' 1297', ' -1192', ' -1023', ' 1569', ' 124']",release3finger,False
15:44:17.262376,"['64', ' 679', ' 1778', ' -25', ' 575', ' -349', ' -660', ' 440', ' 1754']","[' -154', ' 1699', ' -480', ' 752', ' 1324', ' -1206', ' -1036', ' 1502', ' 98']",release3finger,False
15:44:17.266365,"['40', ' 752', ' 1736', ' -25', ' 575', ' -349', ' -766', ' 427', ' 1748']","[' -194', ' 1757', ' -470', ' 709', ' 1344', ' -1193', ' -1059', ' 1491', ' 131']",release3finger,False
15:44:17.270354,"['27', ' 715', ' 1701', ' -25', ' 575', ' -349', ' -843', ' 372', ' 1750']","[' -212', ' 1762', ' -486', ' 727', ' 1307', ' -1162', ' -1078', ' 1480', ' 189']",release3finger,False
15:44:17.274344,"['-25', ' 728', ' 1697', ' -25', ' 575', ' -349', ' -903', ' 334', ' 1775']","[' -190', ' 1710', ' -494', ' 608', ' 1312', ' -1108', ' -1065', ' 1458', ' 202']",release3finger,False
15:44:17.278349,"['-18', ' 762', ' 1711', ' -25', ' 575', ' -349', ' -925', ' 303', ' 1785']","[' -145', ' 1667', ' -511', ' 626', ' 1321', ' -1056', ' -1073', ' 1367', ' 215']",release3finger,False
15:44:17.282319,"['-55', ' 765', ' 1675', ' -25', ' 575', ' -349', ' -955', ' 267', ' 1789']","[' -95', ' 1590', ' -550', ' 629', ' 1300', ' -1028', ' -1061', ' 1298', ' 237']",release3finger,False
15:44:17.286309,"['-117', ' 724', ' 1639', ' -25', ' 575', ' -349', ' -926', ' 255', ' 1816']","[' -67', ' 1545', ' -561', ' 720', ' 1293', ' -999', ' -1046', ' 1263', ' 286']",release3finger,False
15:44:17.290298,"['-139', ' 735', ' 1627', ' -25', ' 575', ' -349', ' -915', ' 278', ' 1795']","[' -54', ' 1536', ' -568', ' 722', ' 1291', ' -1008', ' -1037', ' 1264', ' 335']",release3finger,False
15:44:17.293295,"['-185', ' 736', ' 1660', ' 189', ' 1062', ' -538', ' -949', ' 251', ' 1745']","[' -18', ' 1528', ' -583', ' 751', ' 1276', ' -984', ' -1016', ' 1205', ' 339']",release3finger,False
15:44:17.297813,"['-207', ' 723', ' 1687', ' 189', ' 1062', ' -538', ' -959', ' 303', ' 1712']","[' 17', ' 1531', ' -582', ' 794', ' 1274', ' -953', ' -1011', ' 1157', ' 338']",release3finger,False
15:44:17.301803,"['-285', ' 717', ' 1671', ' 189', ' 1062', ' -538', ' -978', ' 349', ' 1649']","[' 36', ' 1529', ' -581', ' 807', ' 1289', ' -948', ' -1005', ' 1096', ' 328']",release3finger,False
15:44:17.304799,"['-350', ' 720', ' 1672', ' 189', ' 1062', ' -538', ' -988', ' 385', ' 1605']","[' 33', ' 1509', ' -605', ' 799', ' 1304', ' -912', ' -990', ' 1069', ' 341']",release3finger,False
15:44:17.308789,"['-359', ' 720', ' 1696', ' 189', ' 1062', ' -538', ' -1003', ' 436', ' 1554']","[' -4', ' 1485', ' -630', ' 827', ' 1293', ' -909', ' -970', ' 1022', ' 328']",release3finger,False
15:44:17.312773,"['-348', ' 712', ' 1684', ' 189', ' 1062', ' -538', ' -1059', ' 458', ' 1515']","[' -41', ' 1462', ' -638', ' 909', ' 1276', ' -884', ' -962', ' 985', ' 349']",release3finger,False
15:44:17.316763,"['-388', ' 723', ' 1710', ' 189', ' 1062', ' -538', ' -1147', ' 446', ' 1507']","[' -104', ' 1442', ' -640', ' 945', ' 1253', ' -861', ' -922', ' 962', ' 343']",release3finger,False
15:44:17.320755,"['-390', ' 696', ' 1748', ' 189', ' 1062', ' -538', ' -1206', ' 401', ' 1514']","[' -137', ' 1406', ' -653', ' 936', ' 1272', ' -856', ' -877', ' 951', ' 326']",release3finger,False
15:44:17.324746,"['-388', ' 679', ' 1782', ' 189', ' 1062', ' -538', ' -1240', ' 377', ' 1540']","[' -151', ' 1339', ' -657', ' 923', ' 1287', ' -811', ' -830', ' 885', ' 310']",release3finger,False
15:44:17.328730,"['-416', ' 628', ' 1790', ' 189', ' 1062', ' -538', ' -1240', ' 344', ' 1575']","[' -155', ' 1298', ' -654', ' 911', ' 1306', ' -796', ' -808', ' 849', ' 317']",release3finger,False
15:44:17.332720,"['-403', ' 627', ' 1801', ' 395', ' 1519', ' -766', ' -1237', ' 311', ' 1603']","[' -142', ' 1232', ' -667', ' 979', ' 1286', ' -780', ' -800', ' 829', ' 330']",release3finger,False
15:44:17.335717,"['-473', ' 648', ' 1759', ' 395', ' 1519', ' -766', ' -1181', ' 317', ' 1594']","[' -111', ' 1162', ' -696', ' 1060', ' 1306', ' -753', ' -777', ' 805', ' 322']",release3finger,False
15:44:17.339706,"['-448', ' 644', ' 1751', ' 395', ' 1519', ' -766', ' -1130', ' 361', ' 1612']","[' -103', ' 1143', ' -695', ' 1137', ' 1331', ' -748', ' -776', ' 806', ' 341']",release3finger,False
15:44:17.343695,"['-418', ' 653', ' 1752', ' 395', ' 1519', ' -766', ' -1099', ' 359', ' 1594']","[' -123', ' 1174', ' -682', ' 1162', ' 1358', ' -778', ' -764', ' 821', ' 348']",release3finger,False
15:44:17.347685,"['-378', ' 686', ' 1768', ' 395', ' 1519', ' -766', ' -1105', ' 319', ' 1595']","[' -146', ' 1214', ' -664', ' 1150', ' 1382', ' -793', ' -751', ' 827', ' 334']",release3finger,False
15:44:17.351670,"['-359', ' 699', ' 1766', ' 395', ' 1519', ' -766', ' -1078', ' 286', ' 1609']","[' -168', ' 1244', ' -654', ' 1097', ' 1443', ' -849', ' -757', ' 870', ' 371']",release3finger,False
15:44:17.355756,"['-322', ' 682', ' 1752', ' 395', ' 1519', ' -766', ' -1061', ' 288', ' 1607']","[' -167', ' 1257', ' -666', ' 1091', ' 1450', ' -878', ' -799', ' 900', ' 400']",release3finger,False
15:44:17.359745,"['-299', ' 721', ' 1760', ' 395', ' 1519', ' -766', ' -997', ' 292', ' 1604']","[' -200', ' 1293', ' -670', ' 1179', ' 1477', ' -818', ' -814', ' 831', ' 398']",release3finger,False
15:44:17.362738,"['-213', ' 768', ' 1781', ' 395', ' 1519', ' -766', ' -981', ' 181', ' 1623']","[' -225', ' 1340', ' -659', ' 1086', ' 1395', ' -844', ' -862', ' 918', ' 451']",release3finger,False
15:44:17.366726,"['-220', ' 665', ' 1768', ' 395', ' 1519', ' -766', ' -1001', ' 262', ' 1652']","[' -208', ' 1402', ' -652', ' 1216', ' 1474', ' -769', ' -878', ' 859', ' 427']",release3finger,False
15:44:17.370716,"['-291', ' 611', ' 1793', ' 414', ' 1565', ' -972', ' -1096', ' 243', ' 1621']","[' -192', ' 1424', ' -642', ' 1300', ' 1420', ' -763', ' -893', ' 893', ' 440']",release3finger,False
15:44:17.374706,"['-319', ' 574', ' 1763', ' 414', ' 1565', ' -972', ' -1118', ' 295', ' 1607']","[' -161', ' 1442', ' -651', ' 1296', ' 1353', ' -790', ' -885', ' 945', ' 456']",release3finger,False
15:44:17.378695,"['-265', ' 606', ' 1778', ' 414', ' 1565', ' -972', ' -1113', ' 355', ' 1578']","[' -147', ' 1462', ' -653', ' 1329', ' 1388', ' -719', ' -883', ' 931', ' 444']",release3finger,False
15:44:17.382686,"['-240', ' 682', ' 1785', ' 414', ' 1565', ' -972', ' -1102', ' 362', ' 1541']","[' -140', ' 1485', ' -646', ' 1355', ' 1365', ' -689', ' -887', ' 979', ' 455']",release3finger,False
15:44:17.386675,"['-225', ' 696', ' 1780', ' 414', ' 1565', ' -972', ' -1127', ' 376', ' 1532']","[' -126', ' 1543', ' -612', ' 1419', ' 1389', ' -684', ' -872', ' 1076', ' 493']",release3finger,False
15:44:17.390666,"['-254', ' 731', ' 1767', ' 414', ' 1565', ' -972', ' -1180', ' 347', ' 1553']","[' -144', ' 1596', ' -588', ' 1368', ' 1330', ' -639', ' -859', ' 1151', ' 516']",release3finger,False
15:44:17.394654,"['-299', ' 696', ' 1714', ' 414', ' 1565', ' -972', ' -1181', ' 313', ' 1581']","[' -157', ' 1671', ' -528', ' 1351', ' 1350', ' -624', ' -843', ' 1188', ' 501']",release3finger,False
15:44:18.179670,"['-1719', ' 246', ' 1079', ' -335', ' -281', ' 125', ' -2101', ' -95', ' 582']","[' -780', ' -86', ' 576', ' 1800', ' 1125', ' -11', ' -808', ' -197', ' 155']",release3finger,False
15:44:18.183840,"['-1699', ' 273', ' 1089', ' -335', ' -281', ' 125', ' -2056', ' -98', ' 603']","[' -789', ' -79', ' 606', ' 1777', ' 1134', ' 14', ' -853', ' -170', ' 170']",release3finger,False
15:44:18.187609,"['-1611', ' 225', ' 1115', ' -335', ' -281', ' 125', ' -2023', ' -91', ' 594']","[' -806', ' -69', ' 618', ' 1776', ' 1091', ' 60', ' -886', ' -169', ' 174']",release3finger,False
15:44:18.191691,"['-1731', ' 206', ' 1086', ' -335', ' -281', ' 125', ' -2030', ' -78', ' 565']","[' -817', ' -82', ' 612', ' 1740', ' 1072', ' 88', ' -898', ' -155', ' 177']",release3finger,False
15:44:18.195185,"['-1693', ' 339', ' 1050', ' -335', ' -281', ' 125', ' -2042', ' -52', ' 535']","[' -838', ' -100', ' 607', ' 1684', ' 1075', ' 99', ' -904', ' -170', ' 179']",release3finger,False
15:44:18.199184,"['-1800', ' 223', ' 1023', ' -335', ' -281', ' 125', ' -2071', ' -3', ' 499']","[' -903', ' -127', ' 611', ' 1671', ' 1098', ' 51', ' -922', ' -186', ' 193']",release3finger,False
15:44:18.203173,"['-1647', ' 287', ' 1054', ' -335', ' -281', ' 125', ' -2087', ' 6', ' 460']","[' -951', ' -170', ' 603', ' 1648', ' 1138', ' -8', ' -953', ' -214', ' 201']",release3finger,False
15:44:18.207165,"['-1640', ' 323', ' 1118', ' -335', ' -281', ' 125', ' -2091', ' 29', ' 461']","[' -988', ' -180', ' 604', ' 1657', ' 1151', ' -19', ' -1006', ' -248', ' 208']",release3finger,False
15:44:18.211147,"['-1723', ' 136', ' 1090', ' -335', ' -281', ' 125', ' -2128', ' 38', ' 463']","[' -1022', ' -219', ' 594', ' 1615', ' 1115', ' -19', ' -1058', ' -265', ' 226']",release3finger,False
15:44:18.215137,"['-1580', ' 82', ' 1175', ' -641', ' -473', ' 326', ' -2165', ' 66', ' 475']","[' -1042', ' -257', ' 604', ' 1587', ' 1109', ' -31', ' -1090', ' -279', ' 261']",release3finger,False
15:44:18.219126,"['-1640', ' 71', ' 1205', ' -641', ' -473', ' 326', ' -2170', ' -37', ' 475']","[' -1071', ' -310', ' 623', ' 1553', ' 1153', ' -30', ' -1123', ' -267', ' 326']",release3finger,False
15:44:18.222123,"['-1661', ' 109', ' 1358', ' -641', ' -473', ' 326', ' -2220', ' 47', ' 529']","[' -1078', ' -356', ' 627', ' 1497', ' 1148', ' -25', ' -1195', ' -289', ' 373']",release3finger,False
15:44:18.226260,"['-1627', ' -21', ' 1420', ' -641', ' -473', ' 326', ' -2177', ' 39', ' 516']","[' -1113', ' -450', ' 637', ' 1456', ' 1108', ' 13', ' -1249', ' -303', ' 431']",release3finger,False
15:44:18.230254,"['-1617', ' 31', ' 1525', ' -641', ' -473', ' 326', ' -2221', ' 90', ' 477']","[' -1149', ' -420', ' 673', ' 1480', ' 1085', ' 55', ' -1300', ' -386', ' 457']",release3finger,False
15:44:18.234239,"['-1566', ' 26', ' 1555', ' -641', ' -473', ' 326', ' -2015', ' 62', ' 541']","[' -1114', ' -503', ' 667', ' 1615', ' 912', ' 106', ' -1314', ' -402', ' 490']",release3finger,False
15:44:18.238233,"['-1635', ' -4', ' 1517', ' -641', ' -473', ' 326', ' -2097', ' 35', ' 483']","[' -1220', ' -521', ' 675', ' 1671', ' 941', ' 226', ' -1301', ' -388', ' 483']",release3finger,False
15:44:18.242223,"['-1621', ' -118', ' 1547', ' -641', ' -473', ' 326', ' -2008', ' 106', ' 427']","[' -1258', ' -584', ' 643', ' 1725', ' 868', ' 264', ' -1263', ' -358', ' 496']",release3finger,False
15:44:18.246207,"['-1591', ' -68', ' 1548', ' -641', ' -473', ' 326', ' -2065', ' 374', ' 530']","[' -1283', ' -691', ' 590', ' 1702', ' 1028', ' 379', ' -1241', ' -401', ' 472']",release3finger,False
15:44:18.250196,"['-1710', ' 130', ' 1526', ' -641', ' -473', ' 326', ' -1936', ' 110', ' 505']","[' -1277', ' -725', ' 534', ' 1667', ' 904', ' 385', ' -1204', ' -353', ' 469']",release3finger,False
15:44:18.254185,"['-1732', ' 94', ' 1490', ' -1096', ' -609', ' 613', ' -2000', ' 18', ' 461']","[' -1322', ' -843', ' 507', ' 1701', ' 890', ' 354', ' -1159', ' -340', ' 461']",release3finger,False
15:44:18.257182,"['-1576', ' 94', ' 1489', ' -1096', ' -609', ' 613', ' -1882', ' 100', ' 534']","[' -1379', ' -819', ' 504', ' 1667', ' 973', ' 354', ' -1119', ' -416', ' 412']",release3finger,False
15:44:18.261171,"['-1363', ' 40', ' 1549', ' -1096', ' -609', ' 613', ' -1973', ' -5', ' 575']","[' -1426', ' -987', ' 425', ' 1691', ' 908', ' 365', ' -1096', ' -455', ' 379']",release3finger,False
15:44:18.265160,"['-1284', ' -11', ' 1552', ' -1096', ' -609', ' 613', ' -1878', ' -69', ' 665']","[' -1422', ' -914', ' 413', ' 1698', ' 886', ' 362', ' -1055', ' -475', ' 348']",release3finger,False
15:44:18.269150,"['-1253', ' -51', ' 1533', ' -1096', ' -609', ' 613', ' -1863', ' -82', ' 740']","[' -1349', ' -993', ' 369', ' 1815', ' 945', ' 423', ' -1016', ' -465', ' 345']",release3finger,False
15:44:18.273140,"['-1275', ' -37', ' 1581', ' -1096', ' -609', ' 613', ' -1643', ' -108', ' 750']","[' -1312', ' -981', ' 375', ' 1607', ' 795', ' 372', ' -996', ' -220', ' 373']",release3finger,False
15:44:18.277340,"['-1298', ' -264', ' 1633', ' -1096', ' -609', ' 613', ' -1934', ' 20', ' 771']","[' -1281', ' -964', ' 328', ' 1910', ' 883', ' 245', ' -965', ' -560', ' 245']",release3finger,False
15:44:18.281374,"['-1147', ' -418', ' 1551', ' -1096', ' -609', ' 613', ' -1803', ' 39', ' 706']","[' -1305', ' -954', ' 334', ' 1653', ' 986', ' 267', ' -1034', ' -325', ' 344']",release3finger,False
15:44:18.285363,"['-1186', ' -32', ' 1588', ' -1096', ' -609', ' 613', ' -1769', ' 26', ' 657']","[' -1305', ' -864', ' 357', ' 1480', ' 834', ' 319', ' -946', ' -329', ' 264']",release3finger,False
15:44:18.288604,"['-1223', ' 86', ' 1676', ' -1096', ' -609', ' 613', ' -1815', ' -5', ' 609']","[' -1311', ' -912', ' 321', ' 1651', ' 887', ' 359', ' -891', ' -511', ' 177']",release3finger,False
15:44:18.292636,"['-1199', ' 32', ' 1585', ' -1096', ' -609', ' 613', ' -1938', ' 10', ' 580']","[' -1349', ' -931', ' 271', ' 1656', ' 855', ' 328', ' -873', ' -470', ' 236']",release3finger,False
15:44:18.296725,"['-1190', ' 15', ' 1566', ' -1485', ' -643', ' 816', ' -1798', ' 145', ' 548']","[' -1406', ' -956', ' 248', ' 1756', ' 929', ' 390', ' -844', ' -408', ' 288']",release3finger,False
15:44:18.300701,"['-1188', ' -5', ' 1535', ' -1485', ' -643', ' 816', ' -1781', ' 206', ' 584']","[' -1437', ' -959', ' 247', ' 1817', ' 910', ' 376', ' -829', ' -364', ' 313']",release3finger,False
15:44:18.304690,"['-1190', ' 51', ' 1464', ' -1485', ' -643', ' 816', ' -1831', ' 121', ' 556']","[' -1528', ' -988', ' 211', ' 1808', ' 902', ' 351', ' -781', ' -357', ' 305']",release3finger,False
15:44:18.307688,"['-1272', ' 114', ' 1425', ' -1485', ' -643', ' 816', ' -1848', ' 70', ' 591']","[' -1538', ' -1137', ' 157', ' 1809', ' 870', ' 334', ' -761', ' -409', ' 250']",release3finger,False
15:44:18.311677,"['-1342', ' 7', ' 1280', ' -1485', ' -643', ' 816', ' -1974', ' 223', ' 634']","[' -1620', ' -949', ' 167', ' 1802', ' 935', ' 327', ' -728', ' -377', ' 241']",release3finger,False
15:44:18.315666,"['-1128', ' 61', ' 1319', ' -1485', ' -643', ' 816', ' -1980', ' 15', ' 758']","[' -1634', ' -1026', ' 168', ' 1764', ' 981', ' 305', ' -697', ' -382', ' 232']",release3finger,False
15:44:18.319655,"['-1113', ' 171', ' 1368', ' -1485', ' -643', ' 816', ' -1588', ' 0', ' 838']","[' -1612', ' -1088', ' 79', ' 1720', ' 973', ' 313', ' -699', ' -351', ' 276']",release3finger,False
15:44:18.323644,"['-1418', ' 259', ' 1412', ' -1485', ' -643', ' 816', ' -1706', ' -67', ' 909']","[' -1609', ' -1035', ' 110', ' 1685', ' 916', ' 299', ' -688', ' -317', ' 316']",release3finger,False
15:44:18.327634,"['-1251', ' 108', ' 1452', ' -1485', ' -643', ' 816', ' -1625', ' -136', ' 978']","[' -1527', ' -998', ' 94', ' 1687', ' 886', ' 356', ' -652', ' -310', ' 328']",release3finger,False
15:44:18.331624,"['-1343', ' 100', ' 1541', ' -1485', ' -643', ' 816', ' -1579', ' -145', ' 967']","[' -1524', ' -938', ' 93', ' 1762', ' 941', ' 365', ' -648', ' -288', ' 360']",release3finger,False
15:44:18.335608,"['-1216', ' 40', ' 1622', ' -1521', ' -516', ' 776', ' -1644', ' -27', ' 960']","[' -1489', ' -857', ' 99', ' 1762', ' 877', ' 357', ' -618', ' -294', ' 348']",release3finger,False
15:44:18.339597,"['-1287', ' -83', ' 1662', ' -1521', ' -516', ' 776', ' -1484', ' -43', ' 897']","[' -1456', ' -809', ' 103', ' 1593', ' 609', ' 274', ' -595', ' -339', ' 324']",release3finger,False
15:44:18.342796,"['-1277', ' -55', ' 1712', ' -1521', ' -516', ' 776', ' -1670', ' -82', ' 894']","[' -1411', ' -608', ' 102', ' 1730', ' 1003', ' 328', ' -553', ' -257', ' 321']",release3finger,False
15:44:18.346797,"['-1336', ' -73', ' 1784', ' -1521', ' -516', ' 776', ' -1629', ' -35', ' 893']","[' -1425', ' -706', ' 60', ' 2071', ' 973', ' 306', ' -500', ' -270', ' 311']",release3finger,False
15:44:18.350788,"['-1180', ' -216', ' 1765', ' -1521', ' -516', ' 776', ' -1669', ' -11', ' 935']","[' -1309', ' -571', ' -4', ' 1761', ' 939', ' 308', ' -484', ' -190', ' 289']",release3finger,False
15:44:18.354776,"['-2037', ' -194', ' 1995', ' -1521', ' -516', ' 776', ' -1387', ' 87', ' 653']","[' -1245', ' -739', ' -84', ' 1845', ' 921', ' 339', ' -458', ' -242', ' 217']",release3finger,False
15:44:18.358765,"['-794', ' -281', ' 830', ' -1521', ' -516', ' 776', ' -1579', ' -333', ' 1164']","[' -1251', ' -212', ' -85', ' 1888', ' 901', ' 305', ' -466', ' -222', ' 255']",release3finger,False
15:44:18.362755,"['-1686', ' 240', ' 1303', ' -1521', ' -516', ' 776', ' -1840', ' -204', ' 999']","[' -1286', ' -111', ' 61', ' 1860', ' 919', ' 282', ' -440', ' -138', ' 265']",release3finger,False
15:44:18.366739,"['-1447', ' 165', ' 1396', ' -1521', ' -516', ' 776', ' -1843', ' -126', ' 876']","[' -1291', ' -288', ' 94', ' 1790', ' 949', ' 258', ' -494', ' -170', ' 251']",release3finger,False
15:44:18.370729,"['-1287', ' 15', ' 1330', ' -1521', ' -516', ' 776', ' -1700', ' -2', ' 783']","[' -1194', ' -132', ' -27', ' 1705', ' 853', ' 205', ' -455', ' -145', ' 252']",release3finger,False
15:44:18.374718,"['-1524', ' -40', ' 1492', ' -1291', ' -240', ' 571', ' -1926', ' 91', ' 616']","[' -1173', ' -125', ' -27', ' 1670', ' 997', ' 145', ' -401', ' -103', ' 304']",release3finger,False
15:44:18.378707,"['-1569', ' -119', ' 1908', ' -1291', ' -240', ' 571', ' -2062', ' 194', ' 504']","[' -1308', ' -500', ' -45', ' 1647', ' 1031', ' 151', ' -451', ' -79', ' 365']",release3finger,False
15:44:18.381715,"['-1439', ' -157', ' 2345', ' -1291', ' -240', ' 571', ' -2567', ' 330', ' 298']","[' -1592', ' -863', ' 77', ' 1580', ' 938', ' 161', ' -478', ' -117', ' 377']",release3finger,False
15:44:18.385698,"['433', ' -892', ' 1034', ' -1291', ' -240', ' 571', ' -2934', ' -164', ' 789']","[' -1900', ' -660', ' 232', ' 1604', ' 924', ' 113', ' -440', ' -222', ' 330']",release3finger,False
15:44:18.389691,"['-1644', ' 217', ' 1236', ' -1291', ' -240', ' 571', ' 328', ' -758', ' 2107']","[' -1544', ' -678', ' -130', ' 1778', ' 1035', ' 192', ' -478', ' -176', ' 398']",release3finger,False
15:44:18.393677,"['-2659', ' 294', ' 1500', ' -1291', ' -240', ' 571', ' -1648', ' -247', ' 1137']","[' -1184', ' -358', ' -246', ' 1842', ' 1025', ' 63', ' -640', ' -334', ' 408']",release3finger,False
15:44:18.398255,"['-1952', ' 1', ' 879', ' -1291', ' -240', ' 571', ' -2319', ' -233', ' 1216']","[' -1256', ' -284', ' -107', ' 1894', ' 905', ' 240', ' -716', ' -255', ' 485']",release3finger,False
15:44:18.401463,"['-1327', ' -195', ' 1457', ' -1291', ' -240', ' 571', ' -1892', ' -269', ' 1012']","[' -1320', ' -252', ' -52', ' 1862', ' 655', ' 394', ' -618', ' -143', ' 502']",release3finger,False
15:44:18.405448,"['-1339', ' -261', ' 1717', ' -1291', ' -240', ' 571', ' -1486', ' -419', ' 846']","[' -1220', ' -183', ' 12', ' 1746', ' 828', ' 480', ' -494', ' -86', ' 532']",release3finger,False
15:44:18.409442,"['-1375', ' -332', ' 1731', ' -1291', ' -240', ' 571', ' -1591', ' -98', ' 918']","[' -1139', ' 277', ' 51', ' 1813', ' 940', ' 310', ' -590', ' -142', ' 565']",release3finger,False
15:44:18.413432,"['-1307', ' -199', ' 1507', ' -1291', ' -240', ' 571', ' -2022', ' -297', ' 974']","[' -1109', ' 331', ' -44', ' 1678', ' 737', ' 271', ' -581', ' -282', ' 433']",release3finger,False
15:44:18.417416,"['-1080', ' -143', ' 1556', ' -1074', ' 19', ' 416', ' -2214', ' -53', ' 1037']","[' -1133', ' -92', ' -196', ' 1598', ' 813', ' 277', ' -479', ' -515', ' 216']",release3finger,False
15:44:18.421405,"['-1372', ' 251', ' 1667', ' -1074', ' 19', ' 416', ' -1897', ' -3', ' 865']","[' -1226', ' -271', ' -180', ' 1758', ' 870', ' 248', ' -512', ' -483', ' 301']",release3finger,False
15:44:18.425394,"['-1812', ' 284', ' 1501', ' -1074', ' 19', ' 416', ' -1628', ' -204', ' 953']","[' -1222', ' -49', ' -144', ' 1900', ' 943', ' 224', ' -595', ' -303', ' 491']",release3finger,False
15:44:18.428387,"['-1474', ' -640', ' 1576', ' -1074', ' 19', ' 416', ' -1679', ' -418', ' 1070']","[' -1144', ' 64', ' -94', ' 1897', ' 825', ' 253', ' -592', ' -199', ' 526']",release3finger,False
15:44:18.432376,"['-1679', ' -103', ' 1533', ' -1074', ' 19', ' 416', ' -1963', ' -256', ' 1109']","[' -1064', ' 84', ' -113', ' 1894', ' 783', ' 302', ' -532', ' -260', ' 420']",release3finger,False
15:44:18.436365,"['-1426', ' -159', ' 1706', ' -1074', ' 19', ' 416', ' -2006', ' -291', ' 862']","[' -1076', ' 7', ' -44', ' 1905', ' 796', ' 361', ' -475', ' -339', ' 299']",release3finger,False
15:44:18.440355,"['-946', ' 43', ' 1572', ' -1074', ' 19', ' 416', ' -604', ' -664', ' 1956']","[' -1343', ' -720', ' -46', ' 1928', ' 875', ' 339', ' -479', ' -328', ' 274']",release3finger,False
15:44:18.444345,"['-738', ' -360', ' 1858', ' -1074', ' 19', ' 416', ' -2139', ' -102', ' 1066']","[' -1111', ' 131', ' -164', ' 1938', ' 815', ' 258', ' -434', ' -232', ' 297']",release3finger,False
15:44:18.448333,"['-1669', ' -43', ' 1299', ' -1074', ' 19', ' 416', ' -1971', ' -428', ' 969']","[' -1149', ' 140', ' -125', ' 1796', ' 852', ' 169', ' -471', ' -272', ' 263']",release3finger,False
15:44:18.452323,"['-1452', ' -288', ' 1584', ' -1074', ' 19', ' 416', ' -1816', ' -122', ' 1058']","[' -1138', ' 140', ' -58', ' 1881', ' 763', ' 197', ' -528', ' -314', ' 262']",release3finger,False
15:44:18.456317,"['-1605', ' -298', ' 1626', ' -1005', ' 137', ' 361', ' -1754', ' -367', ' 969']","[' -1225', ' 12', ' -32', ' 1855', ' 927', ' 245', ' -507', ' -208', ' 300']",release3finger,False
15:44:18.460301,"['-1443', ' -187', ' 1667', ' -1005', ' 137', ' 361', ' -1869', ' -18', ' 1006']","[' -902', ' 238', ' 38', ' 1839', ' 834', ' 216', ' -439', ' -216', ' 289']",release3finger,False
15:44:18.464290,"['-1314', ' -455', ' 1732', ' -1005', ' 137', ' 361', ' -1415', ' -696', ' 1207']","[' -997', ' 175', ' 137', ' 1749', ' 912', ' 220', ' -506', ' -147', ' 321']",release3finger,False
15:44:18.467288,"['-1257', ' -73', ' 1473', ' -1005', ' 137', ' 361', ' -1954', ' -334', ' 994']","[' -847', ' 429', ' 83', ' 1805', ' 788', ' 185', ' -530', ' -279', ' 310']",release3finger,False
15:44:18.471271,"['-1521', ' -146', ' 1317', ' -1005', ' 137', ' 361', ' -1747', ' -133', ' 843']","[' -788', ' 349', ' 107', ' 1868', ' 870', ' 186', ' -513', ' -344', ' 239']",release3finger,False
15:44:18.475266,"['-1409', ' -148', ' 1404', ' -1005', ' 137', ' 361', ' -1903', ' -87', ' 802']","[' -896', ' 436', ' 123', ' 1912', ' 869', ' 203', ' -522', ' -310', ' 261']",release3finger,False
15:44:18.479255,"['-1549', ' -7', ' 1346', ' -1005', ' 137', ' 361', ' -1796', ' -159', ' 683']","[' -995', ' 399', ' 135', ' 1919', ' 868', ' 221', ' -549', ' -250', ' 308']",release3finger,False
15:44:18.483244,"['-1507', ' -14', ' 1332', ' -1005', ' 137', ' 361', ' -1907', ' -126', ' 647']","[' -1024', ' 416', ' 164', ' 1900', ' 864', ' 268', ' -517', ' -182', ' 325']",release3finger,False
15:44:18.487232,"['-1672', ' -29', ' 1437', ' -1005', ' 137', ' 361', ' -2334', ' 224', ' 314']","[' -1102', ' 250', ' 179', ' 1907', ' 850', ' 262', ' -595', ' -140', ' 360']",release3finger,False
15:44:18.491226,"['-4648', ' -481', ' 4371', ' -1005', ' 137', ' 361', ' -3715', ' -380', ' 188']","[' -2217', ' -2311', ' 747', ' 1904', ' 765', ' 349', ' -582', ' -202', ' 297']",release3finger,False
15:44:18.494259,"['-2008', ' 1350', ' 2171', ' -1008', ' 173', ' 293', ' 162', ' 285', ' 1518']","[' -1199', ' 905', ' 233', ' 1966', ' 679', ' 327', ' -429', ' -35', ' 364']",release3finger,False
15:44:18.498761,"['-4144', ' 1079', ' 225', ' -1008', ' 173', ' 293', ' -3245', ' -69', ' 1602']","[' -1029', ' 316', ' 59', ' 1904', ' 809', ' 54', ' -407', ' -160', ' 327']",release3finger,False
15:44:18.502755,"['-1564', ' -312', ' 1373', ' -1008', ' 173', ' 293', ' -239', ' 401', ' 982']","[' -1002', ' -179', ' 142', ' 1837', ' 838', ' 261', ' -696', ' -282', ' 149']",release3finger,False
15:44:18.506739,"['-1763', ' 625', ' 1350', ' -1008', ' 173', ' 293', ' -2427', ' -628', ' 998']","[' -1401', ' 119', ' 12', ' 1778', ' 578', ' 542', ' -514', ' -100', ' 222']",release3finger,False
15:44:18.510729,"['-913', ' -399', ' 1811', ' -1008', ' 173', ' 293', ' -1559', ' -472', ' 754']","[' -1134', ' 535', ' 183', ' 1955', ' 847', ' 497', ' -512', ' -35', ' 365']",release3finger,False
15:44:18.514748,"['-964', ' -534', ' 1793', ' -1008', ' 173', ' 293', ' -1660', ' 59', ' 807']","[' -1157', ' 666', ' 263', ' 1681', ' 678', ' 324', ' -585', ' -1', ' 370']",release3finger,False
15:44:18.517745,"['-1457', ' -116', ' 1439', ' -1008', ' 173', ' 293', ' -2243', ' -510', ' 1072']","[' -1118', ' 481', ' 163', ' 1881', ' 772', ' 308', ' -428', ' -152', ' 256']",release3finger,False
15:44:18.521734,"['-1480', ' -546', ' 1407', ' -1008', ' 173', ' 293', ' -1671', ' -221', ' 1089']","[' -910', ' 157', ' 90', ' 1923', ' 858', ' 333', ' -448', ' -202', ' 161']",release3finger,False
15:44:18.525723,"['-1385', ' -363', ' 1574', ' -1008', ' 173', ' 293', ' -1990', ' -140', ' 934']","[' -976', ' 295', ' 96', ' 1905', ' 744', ' 296', ' -474', ' -179', ' 186']",release3finger,False
15:44:18.529712,"['-1573', ' -27', ' 1425', ' -1008', ' 173', ' 293', ' -1740', ' -464', ' 869']","[' -891', ' 94', ' 122', ' 1974', ' 795', ' 314', ' -471', ' 33', ' 329']",release3finger,False
15:44:18.533703,"['-1410', ' -228', ' 1432', ' -1008', ' 173', ' 293', ' -1900', ' -289', ' 883']","[' -757', ' 178', ' 142', ' 1826', ' 832', ' 272', ' -503', ' 14', ' 311']",release3finger,False
15:44:18.537687,"['-1379', ' -305', ' 1420', ' -915', ' 157', ' 239', ' -1740', ' -108', ' 776']","[' -918', ' 158', ' 144', ' 1923', ' 729', ' 272', ' -493', ' -109', ' 216']",release3finger,False
15:44:18.541676,"['-1732', ' -53', ' 1313', ' -915', ' 157', ' 239', ' -1795', ' -299', ' 752']","[' -959', ' 341', ' 203', ' 1861', ' 781', ' 290', ' -467', ' -105', ' 182']",release3finger,False
15:44:18.545665,"['-1259', ' -330', ' 1398', ' -915', ' 157', ' 239', ' -2112', ' -155', ' 808']","[' -919', ' 170', ' 192', ' 1879', ' 814', ' 229', ' -491', ' -103', ' 182']",release3finger,False
15:44:18.548662,"['-1558', ' -160', ' 1429', ' -915', ' 157', ' 239', ' -1811', ' -108', ' 815']","[' -936', ' 102', ' 198', ' 1895', ' 809', ' 162', ' -538', ' 8', ' 258']",release3finger,False
15:44:18.552652,"['-1647', ' -68', ' 1320', ' -915', ' 157', ' 239', ' -2006', ' -248', ' 817']","[' -944', ' 108', ' 203', ' 1853', ' 856', ' 142', ' -602', ' 81', ' 314']",release3finger,False
15:44:18.556641,"['-1558', ' -102', ' 1331', ' -915', ' 157', ' 239', ' -1893', ' -135', ' 756']","[' -927', ' 38', ' 201', ' 1753', ' 830', ' 126', ' -614', ' 21', ' 276']",release3finger,False
15:44:18.560630,"['-1555', ' -179', ' 1313', ' -915', ' 157', ' 239', ' -1963', ' -70', ' 676']","[' -971', ' 42', ' 207', ' 1748', ' 873', ' 129', ' -644', ' -82', ' 241']",release3finger,False
15:44:18.564619,"['-1577', ' -84', ' 1238', ' -915', ' 157', ' 239', ' -1969', ' -113', ' 631']","[' -1012', ' -15', ' 219', ' 1768', ' 862', ' 109', ' -681', ' 9', ' 311']",release3finger,False
15:44:18.568622,"['-1625', ' -134', ' 1241', ' -915', ' 157', ' 239', ' -1940', ' -76', ' 678']","[' -1071', ' -20', ' 225', ' 1663', ' 862', ' 119', ' -749', ' -11', ' 352']",release3finger,False
15:44:18.572593,"['-1602', ' -104', ' 1260', ' -915', ' 157', ' 239', ' -1984', ' -128', ' 730']","[' -1142', ' -77', ' 212', ' 1766', ' 841', ' 149', ' -805', ' -50', ' 396']",release3finger,False
15:44:18.576583,"['-1593', ' -58', ' 1271', ' -837', ' 101', ' 252', ' -2020', ' -196', ' 748']","[' -1166', ' -147', ' 186', ' 1804', ' 854', ' 151', ' -869', ' -18', ' 453']",release3finger,False
15:44:18.580572,"['-1606', ' -134', ' 1283', ' -837', ' 101', ' 252', ' -1971', ' -201', ' 772']","[' -1148', ' -267', ' 177', ' 1759', ' 781', ' 193', ' -898', ' -14', ' 455']",release3finger,False
15:44:18.583571,"['-1569', ' -170', ' 1257', ' -837', ' 101', ' 252', ' -1967', ' -156', ' 717']","[' -1172', ' -352', ' 154', ' 1973', ' 803', ' 235', ' -907', ' 30', ' 480']",release3finger,False
15:44:18.587560,"['-1753', ' -227', ' 1226', ' -837', ' 101', ' 252', ' -1950', ' -214', ' 615']","[' -1288', ' -361', ' 132', ' 1818', ' 721', ' 148', ' -959', ' 0', ' 501']",release3finger,False
15:44:18.591545,"['-1603', ' -240', ' 1251', ' -837', ' 101', ' 252', ' -1966', ' -92', ' 619']","[' -1424', ' -388', ' 110', ' 1781', ' 762', ' 112', ' -1031', ' -95', ' 489']",release3finger,False
15:44:18.596043,"['-1619', ' -100', ' 1244', ' -837', ' 101', ' 252', ' -2036', ' -104', ' 648']","[' -1574', ' -376', ' 115', ' 1919', ' 836', ' 202', ' -1065', ' -20', ' 553']",release3finger,False
15:44:18.600034,"['-1609', ' -192', ' 1281', ' -837', ' 101', ' 252', ' -1978', ' -194', ' 652']","[' -1654', ' -428', ' 135', ' 1906', ' 752', ' 145', ' -1135', ' -59', ' 573']",release3finger,False
15:44:18.603026,"['-1563', ' -238', ' 1309', ' -837', ' 101', ' 252', ' -1964', ' -208', ' 763']","[' -1711', ' -482', ' 124', ' 1925', ' 816', ' 188', ' -1203', ' 11', ' 624']",release3finger,False
15:44:18.607016,"['-1555', ' -268', ' 1368', ' -837', ' 101', ' 252', ' -1953', ' -302', ' 859']","[' -1737', ' -567', ' 81', ' 1976', ' 712', ' 226', ' -1265', ' 121', ' 698']",release3finger,False
15:44:18.611028,"['-1505', ' -332', ' 1466', ' -837', ' 101', ' 252', ' -1921', ' -376', ' 936']","[' -1667', ' -624', ' 74', ' 1944', ' 698', ' 313', ' -1265', ' 161', ' 703']",release3finger,False
15:44:18.615030,"['-1439', ' -354', ' 1513', ' -985', ' 6', ' 286', ' -1806', ' -338', ' 950']","[' -1599', ' -669', ' 61', ' 1956', ' 629', ' 404', ' -1268', ' 131', ' 670']",release3finger,False
15:44:18.619020,"['-1376', ' -373', ' 1525', ' -985', ' 6', ' 286', ' -1753', ' -470', ' 933']","[' -1553', ' -652', ' 69', ' 1861', ' 500', ' 532', ' -1222', ' 200', ' 707']",release3finger,False
15:44:18.623017,"['-1283', ' -382', ' 1609', ' -985', ' 6', ' 286', ' -1633', ' -329', ' 893']","[' -1546', ' -463', ' 90', ' 1922', ' 563', ' 498', ' -1190', ' 173', ' 649']",release3finger,False
15:44:18.627009,"['-1182', ' -435', ' 1551', ' -985', ' 6', ' 286', ' -1556', ' -632', ' 1079']","[' -1548', ' -391', ' 122', ' 2016', ' -680', ' 2094', ' -784', ' -93', ' 541']",release3finger,False
15:44:18.630998,"['-1189', ' -829', ' 2918', ' -985', ' 6', ' 286', ' -1906', ' -1131', ' 1966']","[' -1180', ' 164', ' 16', ' 2723', ' -129', ' 1899', ' -4', ' -119', ' 63']",release3finger,False
15:44:18.633991,"['-830', ' -679', ' 2217', ' -985', ' 6', ' 286', ' -1893', ' -617', ' 1874']","[' -293', ' 238', ' 79', ' 2283', ' 610', ' 716', ' 50', ' 61', ' -61']",release3finger,False
15:44:18.637985,"['-1230', ' -113', ' 1794', ' -985', ' 6', ' 286', ' -1749', ' -53', ' 866']","[' -76', ' -110', ' 116', ' 1502', ' 876', ' 7', ' -49', ' 2', ' -38']",release3finger,False
15:44:18.641974,"['-1362', ' -29', ' 1296', ' -985', ' 6', ' 286', ' -1455', ' 199', ' 585']","[' -367', ' 11', ' 107', ' 1864', ' 762', ' 193', ' -3', ' -67', ' -13']",release3finger,False
15:44:18.645959,"['-1590', ' 60', ' 1099', ' -985', ' 6', ' 286', ' -1978', ' -76', ' 860']","[' -630', ' 192', ' 30', ' 1983', ' 566', ' 528', ' 75', ' 107', ' 45']",release3finger,False
15:44:18.649948,"['-1324', ' -123', ' 1384', ' -985', ' 6', ' 286', ' -2028', ' -323', ' 996']","[' -521', ' -122', ' -74', ' 2001', ' 432', ' 545', ' 333', ' 168', ' 5']",release3finger,False
15:44:18.653940,"['-1514', ' -192', ' 1427', ' -985', ' 6', ' 286', ' -1899', ' -259', ' 893']","[' -370', ' -368', ' -69', ' 1991', ' 726', ' 437', ' 431', ' 172', ' -45']",release3finger,False
15:44:18.657929,"['-1593', ' -326', ' 1375', ' -1266', ' -211', ' 331', ' -1805', ' -244', ' 857']","[' -353', ' -307', ' 4', ' 1921', ' 686', ' 340', ' 358', ' 212', ' 2']",release3finger,False
15:44:18.661917,"['-1346', ' -383', ' 1389', ' -1266', ' -211', ' 331', ' -1750', ' -233', ' 839']","[' -474', ' -306', ' -25', ' 1812', ' 655', ' 277', ' 483', ' 245', ' -35']",release3finger,False
15:44:18.665905,"['-1143', ' -331', ' 1516', ' -1266', ' -211', ' 331', ' -1716', ' -370', ' 871']","[' -510', ' -330', ' -35', ' 1865', ' 721', ' 353', ' 547', ' 243', ' -51']",release3finger,False
15:44:18.669895,"['-1331', ' -271', ' 1461', ' -1266', ' -211', ' 331', ' -1779', ' -396', ' 984']","[' -377', ' -387', ' -16', ' 1850', ' 764', ' 347', ' 478', ' 263', ' -22']",release3finger,False
15:44:18.672887,"['-1313', ' -417', ' 1440', ' -1266', ' -211', ' 331', ' -1722', ' -294', ' 878']","[' -362', ' -419', ' -43', ' 1820', ' 670', ' 319', ' 460', ' 282', ' 12']",release3finger,False
15:44:18.676877,"['-1318', ' -325', ' 1388', ' -1266', ' -211', ' 331', ' -1662', ' -275', ' 742']","[' -440', ' -356', ' -47', ' 1870', ' 675', ' 331', ' 521', ' 302', ' 15']",release3finger,False
15:44:18.680866,"['-1370', ' -251', ' 1248', ' -1266', ' -211', ' 331', ' -1752', ' -224', ' 722']","[' -545', ' -338', ' -61', ' 1822', ' 696', ' 448', ' 536', ' 318', ' 63']",release3finger,False
15:44:18.684858,"['-1376', ' -289', ' 1284', ' -1266', ' -211', ' 331', ' -1747', ' -208', ' 727']","[' -622', ' -398', ' -75', ' 1756', ' 705', ' 474', ' 545', ' 336', ' 98']",release3finger,False
15:44:18.688847,"['-1429', ' -255', ' 1369', ' -1266', ' -211', ' 331', ' -1758', ' -190', ' 791']","[' -665', ' -354', ' -78', ' 1790', ' 653', ' 391', ' 583', ' 298', ' 85']",release3finger,False
15:44:18.692837,"['-1422', ' -269', ' 1390', ' -1266', ' -211', ' 331', ' -1807', ' -225', ' 869']","[' -713', ' -343', ' -102', ' 1908', ' 616', ' 274', ' 649', ' 377', ' 95']",release3finger,False
15:44:18.696339,"['-1423', ' -274', ' 1373', ' -1232', ' -412', ' 276', ' -1832', ' -294', ' 878']","[' -710', ' -397', ' -120', ' 1864', ' 645', ' 368', ' 712', ' 401', ' 82']",release3finger,False
15:44:18.700332,"['-1483', ' -333', ' 1404', ' -1232', ' -412', ' 276', ' -1853', ' -312', ' 881']","[' -727', ' -425', ' -129', ' 1870', ' 704', ' 433', ' 712', ' 391', ' 80']",release3finger,False
15:44:18.704843,"['-1469', ' -356', ' 1400', ' -1232', ' -412', ' 276', ' -1895', ' -319', ' 881']","[' -750', ' -453', ' -148', ' 1891', ' 653', ' 389', ' 696', ' 353', ' 70']",release3finger,False
15:44:18.708345,"['-1461', ' -344', ' 1474', ' -1232', ' -412', ' 276', ' -1886', ' -357', ' 870']","[' -786', ' -468', ' -163', ' 1778', ' 695', ' 374', ' 686', ' 337', ' 59']",release3finger,False
15:44:18.712334,"['-1442', ' -370', ' 1460', ' -1232', ' -412', ' 276', ' -1844', ' -354', ' 915']","[' -790', ' -495', ' -191', ' 1767', ' 698', ' 338', ' 716', ' 270', ' 14']",release3finger,False
15:44:18.716318,"['-1372', ' -405', ' 1506', ' -1232', ' -412', ' 276', ' -1813', ' -376', ' 951']","[' -787', ' -472', ' -218', ' 1764', ' 716', ' 389', ' 670', ' 219', ' 28']",release3finger,False
15:44:18.720309,"['-1371', ' -415', ' 1536', ' -1232', ' -412', ' 276', ' -1778', ' -363', ' 919']","[' -743', ' -431', ' -216', ' 1802', ' 697', ' 392', ' 623', ' 125', ' -1']",release3finger,False
15:44:18.724549,"['-1347', ' -408', ' 1566', ' -1232', ' -412', ' 276', ' -1815', ' -328', ' 900']","[' -744', ' -348', ' -220', ' 1871', ' 687', ' 409', ' 596', ' 76', ' -20']",release3finger,False
15:44:18.727548,"['-1348', ' -445', ' 1557', ' -1232', ' -412', ' 276', ' -1815', ' -357', ' 923']","[' -747', ' -297', ' -208', ' 1908', ' 673', ' 390', ' 574', ' 17', ' -40']",release3finger,False
15:44:18.731533,"['-1360', ' -442', ' 1570', ' -1232', ' -412', ' 276', ' -1830', ' -388', ' 946']","[' -731', ' -257', ' -209', ' 1872', ' 728', ' 382', ' 555', ' -28', ' -64']",release3finger,False
15:44:18.735522,"['-1385', ' -486', ' 1603', ' -876', ' -449', ' 128', ' -1846', ' -420', ' 1022']","[' -717', ' -189', ' -204', ' 1860', ' 700', ' 357', ' 491', ' -67', ' -69']",release3finger,False
15:44:18.739519,"['-1353', ' -455', ' 1600', ' -876', ' -449', ' 128', ' -1852', ' -417', ' 1027']","[' -672', ' -178', ' -211', ' 1854', ' 718', ' 339', ' 451', ' -85', ' -68']",release3finger,False
15:44:18.743501,"['-1346', ' -445', ' 1610', ' -876', ' -449', ' 128', ' -1822', ' -407', ' 1011']","[' -637', ' -171', ' -220', ' 1902', ' 722', ' 362', ' 428', ' -145', ' -80']",release3finger,False
15:44:18.747455,"['-1368', ' -469', ' 1631', ' -876', ' -449', ' 128', ' -1845', ' -380', ' 961']","[' -600', ' -129', ' -233', ' 1917', ' 709', ' 370', ' 373', ' -136', ' -86']",release3finger,False
15:44:18.751444,"['-1422', ' -423', ' 1497', ' -876', ' -449', ' 128', ' -1852', ' -325', ' 884']","[' -586', ' -111', ' -217', ' 1942', ' 660', ' 378', ' 393', ' -144', ' -84']",release3finger,False
15:44:18.755434,"['-1397', ' -435', ' 1479', ' -876', ' -449', ' 128', ' -1851', ' -375', ' 875']","[' -600', ' -104', ' -214', ' 1950', ' 677', ' 364', ' 431', ' -130', ' -82']",release3finger,False
15:44:18.759419,"['-1360', ' -466', ' 1567', ' -876', ' -449', ' 128', ' -1929', ' -391', ' 914']","[' -626', ' 3', ' -207', ' 1928', ' 711', ' 350', ' 436', ' -120', ' -83']",release3finger,False
15:44:18.763423,"['-1368', ' -495', ' 1596', ' -876', ' -449', ' 128', ' -1968', ' -455', ' 975']","[' -609', ' -7', ' -189', ' 1902', ' 704', ' 304', ' 420', ' -69', ' -58']",release3finger,False
15:44:18.767397,"['-1371', ' -496', ' 1583', ' -876', ' -449', ' 128', ' -1845', ' -421', ' 994']","[' -555', ' -27', ' -193', ' 1873', ' 736', ' 322', ' 414', ' -91', ' -67']",release3finger,False
15:44:18.771386,"['-1386', ' -499', ' 1557', ' -876', ' -449', ' 128', ' -1870', ' -426', ' 958']","[' -540', ' -22', ' -204', ' 1891', ' 751', ' 319', ' 374', ' -137', ' -67']",release3finger,False
15:44:18.775376,"['-1406', ' -446', ' 1482', ' -876', ' -449', ' 128', ' -1849', ' -372', ' 927']","[' -522', ' -62', ' -196', ' 1920', ' 703', ' 316', ' 384', ' -102', ' -61']",release3finger,False
15:44:18.779365,"['-1364', ' -463', ' 1538', ' -742', ' -412', ' 28', ' -1839', ' -366', ' 946']","[' -520', ' -18', ' -203', ' 1887', ' 719', ' 304', ' 414', ' -124', ' -70']",release3finger,False
15:44:18.782371,"['-1367', ' -457', ' 1534', ' -742', ' -412', ' 28', ' -1812', ' -384', ' 930']","[' -507', ' -13', ' -192', ' 1863', ' 719', ' 319', ' 405', ' -155', ' -64']",release3finger,False
15:44:18.786361,"['-1324', ' -472', ' 1523', ' -742', ' -412', ' 28', ' -1836', ' -392', ' 934']","[' -489', ' -11', ' -199', ' 1845', ' 709', ' 346', ' 415', ' -179', ' -76']",release3finger,False
15:44:18.790350,"['-1350', ' -479', ' 1509', ' -742', ' -412', ' 28', ' -1816', ' -396', ' 930']","[' -471', ' 12', ' -193', ' 1879', ' 715', ' 338', ' 395', ' -213', ' -88']",release3finger,False
15:44:18.794339,"['-1339', ' -492', ' 1508', ' -742', ' -412', ' 28', ' -1807', ' -409', ' 909']","[' -453', ' 6', ' -193', ' 1904', ' 701', ' 304', ' 416', ' -207', ' -92']",release3finger,False
15:44:18.798500,"['-1362', ' -511', ' 1542', ' -742', ' -412', ' 28', ' -1820', ' -437', ' 976']","[' -425', ' 14', ' -182', ' 1930', ' 731', ' 302', ' 393', ' -212', ' -95']",release3finger,False
15:44:18.802494,"['-1345', ' -538', ' 1520', ' -742', ' -412', ' 28', ' -1812', ' -437', ' 958']","[' -391', ' 13', ' -178', ' 1898', ' 699', ' 292', ' 392', ' -213', ' -105']",release3finger,False
15:44:18.806479,"['-1354', ' -477', ' 1485', ' -742', ' -412', ' 28', ' -1804', ' -403', ' 907']","[' -364', ' 10', ' -166', ' 1934', ' 700', ' 324', ' 412', ' -212', ' -108']",release3finger,False
15:44:18.810468,"['-1350', ' -467', ' 1481', ' -742', ' -412', ' 28', ' -1826', ' -381', ' 919']","[' -349', ' 20', ' -156', ' 1907', ' 720', ' 358', ' 399', ' -180', ' -82']",release3finger,False
15:44:18.814457,"['-1417', ' -453', ' 1491', ' -742', ' -412', ' 28', ' -1848', ' -363', ' 903']","[' -359', ' 21', ' -152', ' 1905', ' 699', ' 347', ' 411', ' -183', ' -66']",release3finger,False
15:44:18.818446,"['-1367', ' -434', ' 1521', ' -701', ' -316', ' -57', ' -1850', ' -363', ' 943']","[' -329', ' -10', ' -139', ' 1860', ' 708', ' 354', ' 390', ' -186', ' -57']",release3finger,False
15:44:18.821444,"['-1354', ' -433', ' 1502', ' -701', ' -316', ' -57', ' -1830', ' -356', ' 957']","[' -315', ' -36', ' -140', ' 1838', ' 692', ' 334', ' 387', ' -193', ' -49']",release3finger,False
15:44:18.825433,"['-1384', ' -417', ' 1513', ' -701', ' -316', ' -57', ' -1826', ' -340', ' 930']","[' -290', ' -41', ' -143', ' 1859', ' 717', ' 365', ' 398', ' -210', ' -50']",release3finger,False
15:44:18.829417,"['-1362', ' -433', ' 1515', ' -701', ' -316', ' -57', ' -1869', ' -378', ' 962']","[' -288', ' -63', ' -166', ' 1874', ' 727', ' 355', ' 367', ' -213', ' -29']",release3finger,False
15:44:18.833407,"['-1420', ' -490', ' 1498', ' -701', ' -316', ' -57', ' -1878', ' -378', ' 934']","[' -261', ' -94', ' -161', ' 1880', ' 706', ' 316', ' 327', ' -236', ' -35']",release3finger,False
15:44:18.837401,"['-1403', ' -479', ' 1482', ' -701', ' -316', ' -57', ' -1852', ' -407', ' 927']","[' -237', ' -125', ' -152', ' 1891', ' 707', ' 310', ' 359', ' -236', ' -52']",release3finger,False
15:44:18.841393,"['-1392', ' -491', ' 1486', ' -701', ' -316', ' -57', ' -1829', ' -404', ' 931']","[' -206', ' -143', ' -163', ' 1890', ' 743', ' 309', ' 336', ' -232', ' -42']",release3finger,False
15:44:18.845374,"['-1353', ' -513', ' 1519', ' -701', ' -316', ' -57', ' -1834', ' -435', ' 940']","[' -184', ' -168', ' -143', ' 1930', ' 726', ' 273', ' 320', ' -224', ' -68']",release3finger,False
15:44:18.850363,"['-1354', ' -528', ' 1506', ' -701', ' -316', ' -57', ' -1806', ' -437', ' 922']","[' -152', ' -169', ' -137', ' 1948', ' 529', ' 126', ' 482', ' -125', ' -80']",release3finger,False
15:44:18.853354,"['-1358', ' -529', ' 1508', ' -701', ' -316', ' -57', ' -1809', ' -446', ' 965']","[' -134', ' -159', ' -124', ' 1947', ' 942', ' 383', ' 473', ' -137', ' -75']",release3finger,False
15:44:18.857343,"['-1318', ' -614', ' 1503', ' -494', ' -191', ' -115', ' -1839', ' -534', ' 965']","[' -71', ' -180', ' -114', ' 1915', ' 735', ' 266', ' 232', ' -245', ' -90']",release3finger,False
15:44:18.861332,"['-1320', ' -596', ' 1538', ' -494', ' -191', ' -115', ' -1779', ' -493', ' 942']","[' -30', ' -217', ' -98', ' 1977', ' 761', ' 189', ' 270', ' -206', ' -93']",release3finger,False
15:44:18.865321,"['-1290', ' -612', ' 1546', ' -494', ' -191', ' -115', ' -1791', ' -532', ' 961']","[' -25', ' -195', ' -99', ' 1924', ' 739', ' 227', ' 228', ' -198', ' -105']",release3finger,False
15:44:18.869310,"['-1313', ' -617', ' 1521', ' -494', ' -191', ' -115', ' -1835', ' -538', ' 978']","[' -6', ' -212', ' -97', ' 1913', ' 763', ' 207', ' 196', ' -171', ' -100']",release3finger,False
15:44:18.873300,"['-1292', ' -582', ' 1535', ' -494', ' -191', ' -115', ' -1797', ' -513', ' 980']","[' 78', ' -264', ' -87', ' 1918', ' 721', ' 209', ' 177', ' -181', ' -98']",release3finger,False
15:44:18.877290,"['-1309', ' -547', ' 1517', ' -494', ' -191', ' -115', ' -1798', ' -475', ' 931']","[' 99', ' -271', ' -88', ' 1918', ' 749', ' 265', ' 175', ' -164', ' -91']",release3finger,False
15:44:18.881279,"['-1327', ' -525', ' 1502', ' -494', ' -191', ' -115', ' -1796', ' -426', ' 932']","[' 115', ' -267', ' -74', ' 1882', ' 706', ' 255', ' 166', ' -173', ' -89']",release3finger,False
15:44:18.884274,"['-1344', ' -456', ' 1499', ' -494', ' -191', ' -115', ' -1781', ' -398', ' 924']","[' 110', ' -278', ' -88', ' 1820', ' 711', ' 280', ' 162', ' -171', ' -70']",release3finger,False
15:44:18.888263,"['-1322', ' -434', ' 1495', ' -494', ' -191', ' -115', ' -1773', ' -367', ' 927']","[' 84', ' -267', ' -115', ' 1814', ' 714', ' 299', ' 187', ' -184', ' -61']",release3finger,False
15:44:18.892257,"['-1325', ' -400', ' 1489', ' -494', ' -191', ' -115', ' -1773', ' -355', ' 922']","[' 79', ' -261', ' -122', ' 1816', ' 687', ' 307', ' 183', ' -194', ' -38']",release3finger,False
15:44:18.896750,"['-1343', ' -400', ' 1457', ' -281', ' -157', ' -96', ' -1765', ' -355', ' 913']","[' 69', ' -248', ' -139', ' 1841', ' 711', ' 317', ' 210', ' -218', ' -22']",release3finger,False
15:44:18.900824,"['-1331', ' -420', ' 1490', ' -281', ' -157', ' -96', ' -1771', ' -341', ' 931']","[' 30', ' -225', ' -153', ' 1848', ' 706', ' 312', ' 225', ' -213', ' -8']",release3finger,False
15:44:18.903901,"['-1310', ' -439', ' 1485', ' -281', ' -157', ' -96', ' -1762', ' -380', ' 906']","[' 15', ' -235', ' -161', ' 1887', ' 740', ' 286', ' 229', ' -198', ' 0']",release3finger,False
15:44:18.907812,"['-1303', ' -481', ' 1529', ' -281', ' -157', ' -96', ' -1759', ' -397', ' 915']","[' -2', ' -204', ' -157', ' 1878', ' 737', ' 265', ' 226', ' -202', ' 17']",release3finger,False
15:44:18.911768,"['-1300', ' -489', ' 1510', ' -281', ' -157', ' -96', ' -1765', ' -430', ' 929']","[' 13', ' -191', ' -152', ' 1900', ' 736', ' 252', ' 222', ' -183', ' 14']",release3finger,False
15:44:18.915790,"['-1305', ' -510', ' 1498', ' -281', ' -157', ' -96', ' -1754', ' -430', ' 941']","[' -2', ' -173', ' -140', ' 1871', ' 740', ' 233', ' 210', ' -176', ' 22']",release3finger,False
15:44:18.919786,"['-1294', ' -533', ' 1499', ' -281', ' -157', ' -96', ' -1756', ' -458', ' 929']","[' 12', ' -154', ' -134', ' 1866', ' 735', ' 222', ' 216', ' -181', ' 28']",release3finger,False
15:44:18.923775,"['-1285', ' -518', ' 1492', ' -281', ' -157', ' -96', ' -1760', ' -471', ' 939']","[' 17', ' -166', ' -140', ' 1882', ' 744', ' 220', ' 208', ' -174', ' 7']",release3finger,False
15:44:18.927765,"['-1302', ' -531', ' 1496', ' -281', ' -157', ' -96', ' -1755', ' -452', ' 914']","[' 12', ' -161', ' -133', ' 1921', ' 724', ' 217', ' 203', ' -171', ' 19']",release3finger,False
15:44:18.931756,"['-1302', ' -521', ' 1510', ' -281', ' -157', ' -96', ' -1744', ' -444', ' 920']","[' 17', ' -150', ' -128', ' 1893', ' 742', ' 216', ' 203', ' -161', ' 11']",release3finger,False
15:44:18.935744,"['-1280', ' -519', ' 1503', ' -281', ' -157', ' -96', ' -1728', ' -434', ' 944']","[' 13', ' -123', ' -109', ' 1865', ' 728', ' 210', ' 197', ' -146', ' 19']",release3finger,False
15:44:18.939728,"['-1277', ' -490', ' 1518', ' -124', ' -192', ' -42', ' -1726', ' -412', ' 942']","[' -4', ' -84', ' -97', ' 1880', ' 754', ' 242', ' 196', ' -144', ' 22']",release3finger,False
15:44:18.943717,"['-1285', ' -509', ' 1518', ' -124', ' -192', ' -42', ' -1719', ' -429', ' 955']","[' -3', ' -56', ' -87', ' 1889', ' 734', ' 234', ' 191', ' -134', ' 11']",release3finger,False
15:44:18.947707,"['-1284', ' -493', ' 1510', ' -124', ' -192', ' -42', ' -1751', ' -408', ' 946']","[' -19', ' -36', ' -81', ' 1875', ' 730', ' 215', ' 195', ' -119', ' 5']",release3finger,False
15:44:18.951696,"['-1276', ' -508', ' 1509', ' -124', ' -192', ' -42', ' -1756', ' -435', ' 941']","[' -24', ' -37', ' -71', ' 1898', ' 738', ' 220', ' 193', ' -106', ' 14']",release3finger,False
15:44:18.955685,"['-1272', ' -518', ' 1528', ' -124', ' -192', ' -42', ' -1753', ' -445', ' 970']","[' -30', ' -37', ' -58', ' 1886', ' 760', ' 195', ' 182', ' -92', ' 19']",release3finger,False
15:44:18.959675,"['-1272', ' -525', ' 1512', ' -124', ' -192', ' -42', ' -1735', ' -458', ' 982']","[' -24', ' -39', ' -55', ' 1855', ' 759', ' 201', ' 192', ' -88', ' 27']",release3finger,False
15:44:18.962671,"['-1233', ' -526', ' 1520', ' -124', ' -192', ' -42', ' -1703', ' -459', ' 957']","[' -31', ' -31', ' -49', ' 1844', ' 770', ' 187', ' 173', ' -92', ' 26']",release3finger,False
15:44:18.966808,"['-1229', ' -520', ' 1530', ' -124', ' -192', ' -42', ' -1685', ' -464', ' 983']","[' -31', ' -2', ' -53', ' 1862', ' 760', ' 173', ' 164', ' -79', ' 36']",release3finger,False
15:44:18.970809,"['-1235', ' -517', ' 1512', ' -124', ' -192', ' -42', ' -1719', ' -441', ' 967']","[' -33', ' 2', ' -60', ' 1830', ' 753', ' 187', ' 157', ' -80', ' 50']",release3finger,False
15:44:18.974919,"['-1258', ' -518', ' 1519', ' -124', ' -192', ' -42', ' -1730', ' -455', ' 974']","[' -24', ' 12', ' -61', ' 1850', ' 761', ' 200', ' 153', ' -76', ' 62']",release3finger,False
15:44:18.979184,"['-1265', ' -489', ' 1526', ' -35', ' -183', ' -6', ' -1733', ' -442', ' 979']","[' -34', ' 16', ' -54', ' 1855', ' 765', ' 190', ' 155', ' -68', ' 66']",release3finger,False
15:44:18.982493,"['-1269', ' -511', ' 1532', ' -35', ' -183', ' -6', ' -1729', ' -454', ' 987']","[' -27', ' 23', ' -59', ' 1883', ' 766', ' 165', ' 157', ' -59', ' 56']",release3finger,False
15:44:18.986353,"['-1263', ' -529', ' 1542', ' -35', ' -183', ' -6', ' -1743', ' -466', ' 979']","[' -14', ' 26', ' -41', ' 1882', ' 758', ' 176', ' 145', ' -65', ' 63']",release3finger,False
15:44:18.990529,"['-1275', ' -538', ' 1534', ' -35', ' -183', ' -6', ' -1743', ' -469', ' 975']","[' -1', ' 39', ' -34', ' 1910', ' 745', ' 171', ' 130', ' -55', ' 49']",release3finger,False
15:44:18.994506,"['-1276', ' -544', ' 1535', ' -35', ' -183', ' -6', ' -1752', ' -462', ' 975']","[' 14', ' 43', ' -18', ' 1897', ' 754', ' 178', ' 126', ' -51', ' 66']",release3finger,False
15:44:18.998080,"['-1280', ' -556', ' 1549', ' -35', ' -183', ' -6', ' -1750', ' -472', ' 989']","[' 8', ' 60', ' -8', ' 1914', ' 741', ' 176', ' 129', ' -37', ' 60']",release3finger,False
15:44:19.002035,"['-1315', ' -539', ' 1528', ' -35', ' -183', ' -6', ' -1780', ' -490', ' 987']","[' 24', ' 57', ' -1', ' 1921', ' 744', ' 191', ' 111', ' -29', ' 54']",release3finger,False
15:44:19.006021,"['-1305', ' -548', ' 1530', ' -35', ' -183', ' -6', ' -1794', ' -473', ' 981']","[' 36', ' 55', ' 13', ' 1924', ' 739', ' 177', ' 110', ' -21', ' 60']",release3finger,False
15:44:19.010226,"['-1319', ' -527', ' 1527', ' -35', ' -183', ' -6', ' -1798', ' -459', ' 974']","[' 43', ' 56', ' 26', ' 1918', ' 721', ' 188', ' 108', ' -21', ' 48']",release3finger,True
15:44:19.013219,"['-1314', ' -538', ' 1538', ' -35', ' -183', ' -6', ' -1786', ' -468', ' 966']","[' 44', ' 41', ' 22', ' 1923', ' 721', ' 185', ' 104', ' -13', ' 50']",release3finger,True
15:44:19.017236,"['-1330', ' -514', ' 1533', ' -10', ' -106', ' 5', ' -1796', ' -465', ' 988']","[' 53', ' 39', ' 32', ' 1911', ' 726', ' 193', ' 105', ' -10', ' 51']",release3finger,True
15:44:19.021238,"['-1341', ' -507', ' 1545', ' -10', ' -106', ' 5', ' -1794', ' -471', ' 969']","[' 65', ' 44', ' 27', ' 1925', ' 716', ' 200', ' 117', ' -19', ' 37']",release3finger,True
15:44:19.025227,"['-1352', ' -543', ' 1516', ' -10', ' -106', ' 5', ' -1814', ' -465', ' 967']","[' 65', ' 39', ' 31', ' 1956', ' 710', ' 207', ' 105', ' -17', ' 37']",release3finger,True
15:44:19.029217,"['-1351', ' -536', ' 1530', ' -10', ' -106', ' 5', ' -1822', ' -475', ' 977']","[' 75', ' 21', ' 45', ' 1947', ' 704', ' 198', ' 111', ' -11', ' 30']",release3finger,True
15:44:19.033202,"['-1363', ' -547', ' 1526', ' -10', ' -106', ' 5', ' -1809', ' -484', ' 963']","[' 76', ' 11', ' 50', ' 1951', ' 729', ' 199', ' 106', ' 4', ' 16']",release3finger,True
15:44:19.037191,"['-1347', ' -543', ' 1517', ' -10', ' -106', ' 5', ' -1836', ' -471', ' 956']","[' 72', ' 10', ' 43', ' 1954', ' 723', ' 195', ' 112', ' 6', ' 0']",release3finger,True
15:44:19.041180,"['-1372', ' -547', ' 1544', ' -10', ' -106', ' 5', ' -1784', ' -516', ' 944']","[' 84', ' 18', ' 68', ' 1959', ' 728', ' 174', ' 103', ' 15', ' 0']",release3finger,True
15:44:19.044177,"['-1375', ' -541', ' 1503', ' -10', ' -106', ' 5', ' -1865', ' -485', ' 969']","[' 103', ' -10', ' 62', ' 1932', ' 727', ' 145', ' 109', ' 4', ' -19']",release3finger,True
15:44:19.048166,"['-1382', ' -539', ' 1558', ' -10', ' -106', ' 5', ' -1768', ' -529', ' 979']","[' 133', ' -25', ' 73', ' 1946', ' 760', ' 169', ' 92', ' 8', ' -29']",release3finger,True
15:44:19.052156,"['-1329', ' -589', ' 1520', ' -10', ' -106', ' 5', ' -1792', ' -485', ' 1002']","[' 134', ' -55', ' 72', ' 1942', ' 749', ' 157', ' 76', ' 7', ' -22']",release3finger,True
15:44:19.056142,"['-1352', ' -553', ' 1544', ' 17', ' -11', ' 28', ' -1804', ' -498', ' 996']","[' 160', ' -55', ' 65', ' 1941', ' 731', ' 158', ' 58', ' 3', ' -46']",release3finger,True
15:44:19.060130,"['-1346', ' -521', ' 1533', ' 17', ' -11', ' 28', ' -1787', ' -484', ' 980']","[' 173', ' -78', ' 72', ' 1940', ' 739', ' 166', ' 59', ' 5', ' -37']",release3finger,True
15:44:19.064119,"['-1321', ' -539', ' 1519', ' 17', ' -11', ' 28', ' -1818', ' -493', ' 998']","[' 185', ' -79', ' 72', ' 1921', ' 748', ' 152', ' 40', ' 25', ' -54']",release3finger,True
15:44:19.068109,"['-1357', ' -539', ' 1544', ' 17', ' -11', ' 28', ' -1776', ' -488', ' 991']","[' 198', ' -108', ' 74', ' 1903', ' 739', ' 142', ' 23', ' 27', ' -58']",release3finger,True
15:44:19.072128,"['-1306', ' -539', ' 1499', ' 17', ' -11', ' 28', ' -1801', ' -501', ' 1005']","[' 213', ' -125', ' 68', ' 1920', ' 748', ' 147', ' 17', ' 12', ' -59']",release3finger,True
15:44:19.075124,"['-1310', ' -568', ' 1527', ' 17', ' -11', ' 28', ' -1810', ' -503', ' 972']","[' 223', ' -112', ' 78', ' 1962', ' 745', ' 139', ' -9', ' 23', ' -83']",release3finger,True
15:44:19.079109,"['-1347', ' -565', ' 1534', ' 17', ' -11', ' 28', ' -1766', ' -507', ' 988']","[' 236', ' -130', ' 80', ' 1956', ' 752', ' 157', ' -20', ' 37', ' -87']",release3finger,True
15:44:19.083105,"['-1328', ' -567', ' 1531', ' 17', ' -11', ' 28', ' -1787', ' -506', ' 1006']","[' 260', ' -141', ' 90', ' 1948', ' 758', ' 137', ' -39', ' 43', ' -88']",release3finger,True
15:44:19.087094,"['-1306', ' -554', ' 1519', ' 17', ' -11', ' 28', ' -1782', ' -499', ' 1009']","[' 276', ' -145', ' 96', ' 1908', ' 753', ' 145', ' -45', ' 60', ' -91']",release3finger,True
15:44:19.091084,"['-1304', ' -522', ' 1538', ' 17', ' -11', ' 28', ' -1752', ' -484', ' 1006']","[' 299', ' -169', ' 110', ' 1910', ' 763', ' 172', ' -62', ' 55', ' -90']",release3finger,True
15:44:19.095073,"['-1288', ' -518', ' 1550', ' 17', ' -11', ' 28', ' -1772', ' -457', ' 1026']","[' 311', ' -165', ' 105', ' 1908', ' 740', ' 165', ' -77', ' 62', ' -85']",release3finger,True
15:44:19.098281,"['-1291', ' -482', ' 1558', ' 81', ' 42', ' 76', ' -1762', ' -431', ' 1023']","[' 331', ' -164', ' 113', ' 1885', ' 761', ' 167', ' -91', ' 72', ' -84']",release3finger,True
15:44:19.102270,"['-1285', ' -495', ' 1533', ' 81', ' 42', ' 76', ' -1733', ' -417', ' 1031']","[' 345', ' -164', ' 105', ' 1893', ' 761', ' 180', ' -93', ' 69', ' -80']",release3finger,True
15:44:19.106260,"['-1112', ' -524', ' 1403', ' 81', ' 42', ' 76', ' -1187', ' -432', ' 1331']","[' 388', ' -29', ' 49', ' 1806', ' 744', ' 184', ' -120', ' 44', ' -102']",release3finger,True
15:44:19.110249,"['-3026', ' -354', ' 1953', ' 81', ' 42', ' 76', ' -2930', ' -298', ' 232']","[' 621', ' 399', ' 169', ' 2139', ' 781', ' 30', ' -93', ' -161', ' -161']",release3finger,True
15:44:19.114238,"['-1944', ' -152', ' 1410', ' 81', ' 42', ' 76', ' -1785', ' -498', ' 994']","[' 308', ' -40', ' 149', ' 1765', ' 761', ' 284', ' -149', ' 174', ' -36']",release3finger,True
15:44:19.118541,"['-1666', ' -286', ' 1542', ' 81', ' 42', ' 76', ' -1477', ' -383', ' 900']","[' 230', ' -65', ' 182', ' 1921', ' 680', ' 160', ' -109', ' 17', ' -125']",release3finger,True
15:44:19.121538,"['-1284', ' -404', ' 1451', ' 81', ' 42', ' 76', ' -1759', ' -578', ' 1008']","[' 267', ' -233', ' 134', ' 1971', ' 736', ' 176', ' -89', ' 135', ' -48']",release3finger,True
15:44:19.125527,"['-1369', ' -497', ' 1478', ' 81', ' 42', ' 76', ' -1777', ' -501', ' 1061']","[' 311', ' -233', ' 151', ' 1873', ' 786', ' 161', ' -141', ' 138', ' -42']",release3finger,True
15:44:19.129517,"['-1464', ' -425', ' 1517', ' 81', ' 42', ' 76', ' -1688', ' -416', ' 919']","[' 191', ' -106', ' 166', ' 1879', ' 714', ' 200', ' -133', ' 90', ' -101']",release3finger,True
15:44:19.133506,"['-1315', ' -487', ' 1486', ' 81', ' 42', ' 76', ' -1705', ' -413', ' 1003']","[' 226', ' -76', ' 168', ' 1880', ' 751', ' 194', ' -154', ' 132', ' -55']",release3finger,True
15:44:19.137495,"['-1367', ' -903', ' 1544', ' 151', ' 68', ' 132', ' -1813', ' -447', ' 983']","[' 237', ' -58', ' 186', ' 1856', ' 711', ' 185', ' -168', ' 116', ' -56']",release3finger,True
15:44:19.141480,"['-1341', ' -436', ' 1477', ' 151', ' 68', ' 132', ' -1822', ' -488', ' 1014']","[' 213', ' -99', ' 150', ' 1901', ' 728', ' 203', ' -154', ' 119', ' -44']",release3finger,True
15:44:19.145469,"['-1381', ' -461', ' 1522', ' 151', ' 68', ' 132', ' -1762', ' -336', ' 980']","[' 225', ' -22', ' 155', ' 1905', ' 750', ' 231', ' -168', ' 133', ' -52']",release3finger,True
15:44:19.148465,"['-1418', ' -504', ' 1497', ' 151', ' 68', ' 132', ' -1724', ' -326', ' 1033']","[' 188', ' -94', ' 150', ' 1872', ' 737', ' 206', ' -179', ' 124', ' -47']",release3finger,True
15:44:19.153447,"['-1325', ' -489', ' 1501', ' 151', ' 68', ' 132', ' -1790', ' -408', ' 997']","[' 205', ' -63', ' 142', ' 1881', ' 746', ' 211', ' -169', ' 119', ' -49']",release3finger,True
15:44:19.156444,"['-1341', ' -464', ' 1534', ' 151', ' 68', ' 132', ' -1713', ' -411', ' 986']","[' 203', ' -18', ' 153', ' 1857', ' 763', ' 216', ' -193', ' 126', ' -32']",release3finger,True
15:44:19.160434,"['-1359', ' -369', ' 1477', ' 151', ' 68', ' 132', ' -1719', ' -403', ' 970']","[' 172', ' -31', ' 133', ' 1848', ' 742', ' 224', ' -199', ' 125', ' -1']",release3finger,True
15:44:19.164423,"['-1307', ' -386', ' 1517', ' 151', ' 68', ' 132', ' -1773', ' -414', ' 991']","[' 198', ' 7', ' 134', ' 1852', ' 739', ' 250', ' -211', ' 118', ' -8']",release3finger,True
15:44:19.168626,"['-1298', ' -425', ' 1506', ' 151', ' 68', ' 132', ' -1761', ' -347', ' 985']","[' 225', ' -36', ' 121', ' 1878', ' 740', ' 205', ' -226', ' 130', ' -1']",release3finger,True
15:44:19.172615,"['-1343', ' -443', ' 1489', ' 151', ' 68', ' 132', ' -1719', ' -342', ' 968']","[' 197', ' 22', ' 126', ' 1891', ' 703', ' 237', ' -209', ' 130', ' 10']",release3finger,False
15:44:19.175613,"['-1353', ' -451', ' 1500', ' 151', ' 68', ' 132', ' -1769', ' -379', ' 965']","[' 185', ' 43', ' 133', ' 1917', ' 709', ' 227', ' -215', ' 146', ' -3']",release3finger,False
15:44:19.179602,"['-1366', ' -433', ' 1504', ' 188', ' 105', ' 176', ' -1758', ' -383', ' 984']","[' 185', ' 17', ' 132', ' 1891', ' 739', ' 204', ' -224', ' 128', ' -17']",release3finger,False
15:44:19.183604,"['-1354', ' -456', ' 1505', ' 188', ' 105', ' 176', ' -1797', ' -399', ' 1023']","[' 198', ' 49', ' 136', ' 1893', ' 740', ' 225', ' -233', ' 126', ' -21']",release3finger,False
15:44:19.187593,"['-1366', ' -439', ' 1527', ' 188', ' 105', ' 176', ' -1747', ' -405', ' 981']","[' 217', ' 57', ' 137', ' 1899', ' 736', ' 234', ' -224', ' 133', ' -20']",release3finger,False
15:44:19.191578,"['-1341', ' -434', ' 1491', ' 188', ' 105', ' 176', ' -1784', ' -389', ' 981']","[' 220', ' 62', ' 133', ' 1928', ' 716', ' 225', ' -276', ' 139', ' -8']",release3finger,False
15:44:19.195564,"['-1359', ' -422', ' 1492', ' 188', ' 105', ' 176', ' -1749', ' -396', ' 965']","[' 218', ' 87', ' 143', ' 1893', ' 728', ' 208', ' -260', ' 111', ' -30']",release3finger,False
15:44:19.199226,"['-1380', ' -417', ' 1511', ' 188', ' 105', ' 176', ' -1741', ' -361', ' 971']","[' 204', ' 128', ' 140', ' 1854', ' 717', ' 245', ' -237', ' 122', ' -47']",release3finger,False
15:44:19.203249,"['-1362', ' -440', ' 1510', ' 188', ' 105', ' 176', ' -1795', ' -403', ' 997']","[' 215', ' 135', ' 150', ' 1906', ' 699', ' 208', ' -243', ' 134', ' -45']",release3finger,False
15:44:19.207190,"['-1376', ' -421', ' 1501', ' 188', ' 105', ' 176', ' -1782', ' -414', ' 1014']","[' 221', ' 152', ' 140', ' 1860', ' 749', ' 243', ' -249', ' 124', ' -54']",release3finger,False
15:44:19.210149,"['-1372', ' -441', ' 1504', ' 188', ' 105', ' 176', ' -1787', ' -379', ' 1017']","[' 242', ' 136', ' 130', ' 1900', ' 730', ' 241', ' -235', ' 115', ' -52']",release3finger,False
15:44:19.214138,"['-1356', ' -434', ' 1515', ' 188', ' 105', ' 176', ' -1788', ' -366', ' 999']","[' 235', ' 163', ' 130', ' 1920', ' 742', ' 248', ' -240', ' 119', ' -75']",release3finger,False
15:44:19.218131,"['-1359', ' -437', ' 1527', ' 201', ' 125', ' 177', ' -1790', ' -353', ' 1017']","[' 253', ' 187', ' 148', ' 1930', ' 723', ' 256', ' -234', ' 120', ' -79']",release3finger,False
15:44:19.222117,"['-1373', ' -427', ' 1542', ' 201', ' 125', ' 177', ' -1784', ' -365', ' 1008']","[' 257', ' 195', ' 158', ' 1914', ' 737', ' 245', ' -250', ' 135', ' -85']",release3finger,False
15:44:19.226106,"['-1359', ' -429', ' 1541', ' 201', ' 125', ' 177', ' -1800', ' -378', ' 1028']","[' 276', ' 221', ' 152', ' 1889', ' 733', ' 228', ' -254', ' 144', ' -93']",release3finger,False
15:44:19.230095,"['-1366', ' -415', ' 1527', ' 201', ' 125', ' 177', ' -1777', ' -388', ' 1027']","[' 303', ' 228', ' 156', ' 1902', ' 747', ' 229', ' -261', ' 130', ' -102']",release3finger,False
15:44:19.234084,"['-1336', ' -443', ' 1548', ' 201', ' 125', ' 177', ' -1767', ' -391', ' 1042']","[' 326', ' 255', ' 146', ' 1906', ' 776', ' 179', ' -286', ' 128', ' -133']",release3finger,False
15:44:19.238073,"['-1333', ' -476', ' 1576', ' 201', ' 125', ' 177', ' -1743', ' -428', ' 1053']","[' 340', ' 284', ' 168', ' 1928', ' 777', ' 194', ' -298', ' 133', ' -140']",release3finger,False
15:44:19.242063,"['-1293', ' -478', ' 1581', ' 201', ' 125', ' 177', ' -1731', ' -438', ' 1043']","[' 360', ' 332', ' 163', ' 1894', ' 795', ' 186', ' -339', ' 132', ' -147']",release3finger,False
15:44:19.245055,"['-1296', ' -462', ' 1598', ' 201', ' 125', ' 177', ' -1710', ' -431', ' 1053']","[' 403', ' 374', ' 173', ' 1894', ' 780', ' 211', ' -369', ' 136', ' -142']",release3finger,False
15:44:19.249045,"['-1287', ' -447', ' 1606', ' 201', ' 125', ' 177', ' -1705', ' -426', ' 1050']","[' 442', ' 419', ' 177', ' 1902', ' 791', ' 221', ' -397', ' 138', ' -149']",release3finger,False
15:44:19.253034,"['-1296', ' -432', ' 1609', ' 201', ' 125', ' 177', ' -1712', ' -383', ' 1030']","[' 480', ' 490', ' 182', ' 1912', ' 773', ' 218', ' -427', ' 133', ' -190']",release3finger,False
15:44:19.257062,"['-1262', ' -397', ' 1645', ' 253', ' 142', ' 127', ' -1626', ' -399', ' 1102']","[' 522', ' 580', ' 190', ' 2049', ' 643', ' 379', ' -456', ' 33', ' -252']",release3finger,False
15:44:19.261069,"['-1240', ' -451', ' 1668', ' 253', ' 142', ' 127', ' -1700', ' -304', ' 997']","[' 579', ' 595', ' 210', ' 2018', ' 749', ' 197', ' -450', ' 81', ' -274']",release3finger,False
15:44:19.265090,"['-1269', ' -391', ' 1652', ' 253', ' 142', ' 127', ' -1655', ' -397', ' 1052']","[' 589', ' 724', ' 215', ' 1886', ' 795', ' 238', ' -488', ' 165', ' -260']",release3finger,False
15:44:19.269080,"['-1179', ' -509', ' 1754', ' 253', ' 142', ' 127', ' -1681', ' -318', ' 1030']","[' 578', ' 834', ' 206', ' 1950', ' 813', ' 236', ' -531', ' 102', ' -288']",release3finger,False
15:44:19.273069,"['-1205', ' -422', ' 1709', ' 253', ' 142', ' 127', ' -1553', ' -348', ' 1084']","[' 573', ' 954', ' 208', ' 1912', ' 783', ' 298', ' -583', ' 103', ' -332']",release3finger,False
15:44:19.276061,"['-1205', ' -337', ' 1687', ' 253', ' 142', ' 127', ' -1787', ' -282', ' 992']","[' 607', ' 1041', ' 218', ' 1898', ' 804', ' 332', ' -628', ' 162', ' -324']",release3finger,False
15:44:19.280051,"['-1253', ' -273', ' 1632', ' 253', ' 142', ' 127', ' -1729', ' -270', ' 954']","[' 624', ' 1084', ' 237', ' 1813', ' 774', ' 388', ' -658', ' 231', ' -302']",release3finger,False
15:44:19.284050,"['-1236', ' -193', ' 1571', ' 253', ' 142', ' 127', ' -1766', ' -219', ' 961']","[' 600', ' 1180', ' 218', ' 1782', ' 731', ' 426', ' -665', ' 193', ' -313']",release3finger,False
15:44:19.288038,"['-1359', ' -150', ' 1509', ' 253', ' 142', ' 127', ' -1765', ' -82', ' 916']","[' 608', ' 1102', ' 196', ' 1768', ' 691', ' 461', ' -919', ' 186', ' -184']",release3finger,False
15:44:19.292027,"['-1283', ' 97', ' 1154', ' 253', ' 142', ' 127', ' -1733', ' -207', ' 994']","[' 649', ' 1131', ' 160', ' 1731', ' 577', ' 366', ' -604', ' 169', ' -298']",release3finger,False
15:44:19.296017,"['-1422', ' 77', ' 1336', ' 253', ' 142', ' 127', ' -1854', ' -236', ' 882']","[' 631', ' 1062', ' 148', ' 1729', ' 750', ' 436', ' -602', ' 174', ' -218']",release3finger,False
15:44:19.300101,"['-1443', ' -300', ' 1349', ' 460', ' 262', ' 38', ' -1803', ' -78', ' 915']","[' 655', ' 948', ' 62', ' 1631', ' 897', ' 525', ' -757', ' 40', ' -211']",release3finger,False
15:44:19.303097,"['-1500', ' -229', ' 1346', ' 460', ' 262', ' 38', ' -1952', ' -258', ' 970']","[' 621', ' 844', ' 25', ' 1913', ' 639', ' 361', ' -778', ' 58', ' -201']",release3finger,False
15:44:19.307086,"['-1531', ' -204', ' 1290', ' 460', ' 262', ' 38', ' -1877', ' -268', ' 939']","[' 666', ' 859', ' 26', ' 2063', ' 678', ' 343', ' -624', ' 173', ' -185']",release3finger,False
15:44:19.311075,"['-1527', ' -277', ' 1329', ' 460', ' 262', ' 38', ' -1930', ' -288', ' 954']","[' 710', ' 662', ' 0', ' 1889', ' 691', ' 384', ' -563', ' 218', ' -196']",release3finger,False
15:44:19.315066,"['-1569', ' -396', ' 1329', ' 460', ' 262', ' 38', ' -2027', ' -426', ' 959']","[' 740', ' 492', ' -28', ' 2029', ' 675', ' 426', ' -554', ' 198', ' -239']",release3finger,False
15:44:19.319055,"['-1654', ' -486', ' 1361', ' 460', ' 262', ' 38', ' -1994', ' -490', ' 1032']","[' 789', ' 410', ' -64', ' 2177', ' 570', ' 374', ' -443', ' 289', ' -253']",release3finger,False
15:44:19.323038,"['-1628', ' -487', ' 1471', ' 460', ' 262', ' 38', ' -2089', ' -486', ' 1068']","[' 914', ' 251', ' -77', ' 1970', ' 727', ' 277', ' -392', ' 407', ' -212']",release3finger,False
15:44:19.327028,"['-1596', ' -425', ' 1436', ' 460', ' 262', ' 38', ' -2099', ' -511', ' 1076']","[' 1067', ' 44', ' -86', ' 1246', ' 886', ' -97', ' -500', ' 371', ' -137']",release3finger,False
15:44:19.331017,"['-1804', ' -484', ' 1584', ' 460', ' 262', ' 38', ' -2436', ' 55', ' 2399']","[' 1386', ' 306', ' -85', ' 2235', ' 499', ' 648', ' -915', ' -488', ' -286']",release3finger,False
15:44:19.334015,"['-1414', ' -405', ' 1440', ' 460', ' 262', ' 38', ' -1633', ' -663', ' 693']","[' 1621', ' -289', ' -7', ' 1960', ' 542', ' 635', ' -431', ' 353', ' -271']",release3finger,False
15:44:19.338003,"['-1496', ' -147', ' 1148', ' 828', ' 537', ' -73', ' -1779', ' -97', ' 410']","[' 1297', ' -188', ' -76', ' 1888', ' 825', ' 425', ' -262', ' 657', ' -113']",release3finger,False
15:44:19.341993,"['-1527', ' -99', ' 1051', ' 828', ' 537', ' -73', ' -1923', ' -5', ' 481']","[' 994', ' -122', ' -71', ' 1594', ' 1015', ' 445', ' -421', ' 336', ' -285']",release3finger,False
15:44:19.345982,"['-1777', ' 693', ' 239', ' 828', ' 537', ' -73', ' -858', ' -248', ' 999']","[' 826', ' 33', ' -84', ' 2956', ' 1004', ' 686', ' -550', ' -506', ' -1648']",release3finger,False
15:44:19.349972,"['-1731', ' -242', ' 1242', ' 828', ' 537', ' -73', ' -2192', ' 171', ' 576']","[' 913', ' 383', ' -258', ' 2297', ' 286', ' 951', ' -212', ' 535', ' -1061']",release3finger,False
15:44:19.353976,"['-1873', ' -333', ' 1368', ' 828', ' 537', ' -73', ' -2062', ' -36', ' 697']","[' 847', ' 267', ' 56', ' 566', ' 268', ' 1073', ' 185', ' 667', ' -894']",release3finger,False
15:44:19.357945,"['-1401', ' -560', ' 1724', ' 828', ' 537', ' -73', ' -2082', ' -385', ' 800']","[' 729', ' 276', ' 118', ' 439', ' 700', ' 860', ' 240', ' -137', ' -819']",release3finger,False
15:44:19.361935,"['-1683', ' -189', ' 1548', ' 828', ' 537', ' -73', ' -2036', ' -313', ' 1072']","[' 672', ' 456', ' 83', ' 1163', ' 659', ' 405', ' 353', ' -286', ' -523']",release3finger,False
15:44:19.365924,"['-1216', ' -222', ' 1574', ' 828', ' 537', ' -73', ' -2023', ' -246', ' 1029']","[' 655', ' 206', ' -32', ' 1826', ' 766', ' 146', ' 626', ' -159', ' -489']",release3finger,False
15:44:19.368921,"['-1346', ' -72', ' 1578', ' 828', ' 537', ' -73', ' -1666', ' -337', ' 933']","[' 685', ' 117', ' -62', ' 1980', ' 995', ' 162', ' 617', ' -96', ' -526']",release3finger,False
15:44:19.372910,"['-1488', ' -208', ' 1492', ' 828', ' 537', ' -73', ' -1654', ' -190', ' 878']","[' 789', ' 377', ' 17', ' 2211', ' 859', ' 194', ' 483', ' -169', ' -622']",release3finger,False
15:44:19.376899,"['-1528', ' -183', ' 1415', ' 828', ' 537', ' -73', ' -1808', ' -162', ' 878']","[' 774', ' 527', ' 37', ' 2211', ' 844', ' 313', ' 421', ' -59', ' -656']",release3finger,False
15:44:19.380889,"['-1472', ' -234', ' 1412', ' 1077', ' 604', ' -135', ' -1993', ' -298', ' 881']","[' 727', ' 485', ' -3', ' 1876', ' 772', ' 422', ' 426', ' -37', ' -728']",release3finger,False
15:44:19.384880,"['-1375', ' -398', ' 1630', ' 1077', ' 604', ' -135', ' -1919', ' -390', ' 963']","[' 815', ' 424', ' -25', ' 1699', ' 874', ' 527', ' 393', ' -186', ' -768']",release3finger,False
15:44:19.388864,"['-1288', ' -527', ' 1798', ' 1077', ' 604', ' -135', ' -1907', ' -450', ' 1074']","[' 863', ' 433', ' -6', ' 1822', ' 722', ' 452', ' 323', ' -202', ' -722']",release3finger,False
15:44:19.392854,"['-1251', ' -596', ' 1897', ' 1077', ' 604', ' -135', ' -1679', ' -440', ' 1131']","[' 966', ' 548', ' 42', ' 1979', ' 629', ' 421', ' 507', ' -143', ' -733']",release3finger,False
15:44:19.396843,"['-1299', ' -460', ' 1861', ' 1077', ' 604', ' -135', ' -1757', ' -621', ' 1247']","[' 1088', ' 730', ' 90', ' 2030', ' 752', ' 454', ' 623', ' -42', ' -749']",release3finger,False
15:44:19.400201,"['-1360', ' -389', ' 1845', ' 1077', ' 604', ' -135', ' -1769', ' -584', ' 1244']","[' 1248', ' 853', ' 125', ' 1951', ' 849', ' 469', ' 598', ' -50', ' -785']",release3finger,False
15:44:19.404191,"['-1328', ' -432', ' 1821', ' 1077', ' 604', ' -135', ' -1789', ' -437', ' 1198']","[' 1470', ' 912', ' 159', ' 1944', ' 828', ' 476', ' 443', ' -65', ' -745']",release3finger,False
15:44:19.408198,"['-1291', ' -349', ' 1723', ' 1077', ' 604', ' -135', ' -1864', ' -395', ' 1097']","[' 1610', ' 954', ' 194', ' 1806', ' 682', ' 463', ' 518', ' -104', ' -797']",release3finger,False
15:44:19.412165,"['-1333', ' -205', ' 1638', ' 1077', ' 604', ' -135', ' -1858', ' -293', ' 1042']","[' 1669', ' 958', ' 157', ' 1824', ' 736', ' 456', ' 656', ' -50', ' -797']",release3finger,False
15:44:19.416154,"['-1342', ' -340', ' 1496', ' 1077', ' 604', ' -135', ' -1845', ' -225', ' 1006']","[' 1702', ' 870', ' 113', ' 1680', ' 893', ' 409', ' 655', ' -30', ' -762']",release3finger,False
15:44:19.420143,"['-1580', ' -61', ' 1410', ' 1113', ' 369', ' -153', ' -1870', ' -217', ' 932']","[' 1745', ' 829', ' 95', ' 1719', ' 891', ' 355', ' 606', ' -83', ' -711']",release3finger,False
15:44:19.423141,"['-1542', ' 134', ' 1428', ' 1113', ' 369', ' -153', ' -1834', ' -73', ' 974']","[' 1778', ' 865', ' 101', ' 1757', ' 882', ' 340', ' 592', ' -49', ' -659']",release3finger,False
15:44:19.427125,"['-1466', ' 34', ' 1418', ' 1113', ' 369', ' -153', ' -1878', ' -65', ' 995']","[' 1828', ' 829', ' 69', ' 1737', ' 863', ' 364', ' 633', ' -4', ' -632']",release3finger,False
15:44:19.431510,"['-1482', ' 31', ' 1509', ' 1113', ' 369', ' -153', ' -1932', ' -124', ' 1040']","[' 1859', ' 791', ' 38', ' 1740', ' 871', ' 401', ' 638', ' 26', ' -601']",release3finger,False
15:44:19.435229,"['-1470', ' 24', ' 1519', ' 1113', ' 369', ' -153', ' -1804', ' -167', ' 1050']","[' 1933', ' 762', ' 15', ' 1718', ' 845', ' 446', ' 626', ' 30', ' -592']",release3finger,False
15:44:19.439218,"['-1362', ' -9', ' 1549', ' 1113', ' 369', ' -153', ' -1898', ' -197', ' 1066']","[' 2011', ' 701', ' -15', ' 1712', ' 833', ' 482', ' 644', ' 16', ' -573']",release3finger,False
15:44:19.443208,"['-1383', ' -2', ' 1556', ' 1113', ' 369', ' -153', ' -1887', ' -178', ' 1075']","[' 2053', ' 606', ' -44', ' 1525', ' 839', ' 397', ' 682', ' 15', ' -566']",release3finger,False
15:44:19.446757,"['-1414', ' 25', ' 1491', ' 1113', ' 369', ' -153', ' -1855', ' -225', ' 1040']","[' 2075', ' 555', ' -76', ' 1691', ' 915', ' 593', ' 730', ' 57', ' -484']",release3finger,False
15:44:19.450748,"['-1435', ' 54', ' 1461', ' 1113', ' 369', ' -153', ' -1808', ' -106', ' 987']","[' 2095', ' 497', ' -73', ' 1675', ' 1028', ' 399', ' 733', ' 90', ' -509']",release3finger,False
15:44:19.454735,"['-1452', ' 168', ' 1465', ' 1113', ' 369', ' -153', ' -1819', ' -143', ' 972']","[' 2137', ' 503', ' -74', ' 1671', ' 946', ' 307', ' 727', ' 15', ' -464']",release3finger,False
15:44:19.457728,"['-1492', ' 47', ' 1364', ' 1380', ' 403', ' -217', ' -1945', ' -159', ' 974']","[' 2143', ' 387', ' -84', ' 1722', ' 1049', ' 287', ' 721', ' 35', ' -405']",release3finger,False
15:44:19.462316,"['-1529', ' 55', ' 1380', ' 1380', ' 403', ' -217', ' -1837', ' -73', ' 901']","[' 2159', ' 324', ' -80', ' 1533', ' 1005', ' 234', ' 680', ' 46', ' -393']",release3finger,False
15:44:19.466307,"['-1520', ' 7', ' 1379', ' 1380', ' 403', ' -217', ' -1848', ' -97', ' 829']","[' 2136', ' 266', ' -71', ' 1701', ' 927', ' 264', ' 713', ' 2', ' -427']",release3finger,False
15:44:19.469302,"['-1411', ' -32', ' 1341', ' 1380', ' 403', ' -217', ' -1901', ' -134', ' 753']","[' 2107', ' 208', ' -45', ' 1713', ' 972', ' 204', ' 678', ' -23', ' -441']",release3finger,False
15:44:19.473292,"['-1537', ' 34', ' 1257', ' 1380', ' 403', ' -217', ' -1832', ' -101', ' 712']","[' 2044', ' 129', ' -42', ' 1781', ' 962', ' 220', ' 681', ' 9', ' -400']",release3finger,False
15:44:19.477830,"['-1505', ' 81', ' 1231', ' 1380', ' 403', ' -217', ' -1848', ' -25', ' 643']","[' 1986', ' 131', ' -14', ' 1791', ' 973', ' 192', ' 686', ' 103', ' -370']",release3finger,False
15:44:19.481819,"['-1524', ' -10', ' 1206', ' 1380', ' 403', ' -217', ' -1819', ' -114', ' 622']","[' 1948', ' 128', ' 12', ' 1746', ' 1017', ' 190', ' 672', ' 93', ' -416']",release3finger,False
15:44:19.484819,"['-1557', ' -49', ' 1212', ' 1380', ' 403', ' -217', ' -1859', ' 4', ' 652']","[' 1900', ' 165', ' 27', ' 1797', ' 981', ' 147', ' 658', ' 17', ' -463']",release3finger,False
15:44:19.488803,"['-1598', ' 11', ' 1222', ' 1380', ' 403', ' -217', ' -1839', ' -102', ' 631']","[' 1812', ' 150', ' 98', ' 1875', ' 999', ' 191', ' 632', ' 136', ' -443']",release3finger,False
15:44:19.492793,"['-1575', ' -2', ' 1276', ' 1380', ' 403', ' -217', ' -1873', ' -158', ' 737']","[' 1825', ' 124', ' 124', ' 1967', ' 1030', ' 236', ' 618', ' 203', ' -436']",release3finger,False
15:44:19.496786,"['-1614', ' -84', ' 1327', ' 1380', ' 403', ' -217', ' -2034', ' -69', ' 779']","[' 1846', ' 176', ' 146', ' 1815', ' 920', ' 172', ' 595', ' 141', ' -509']",release3finger,False
15:44:19.500978,"['-1534', ' -39', ' 1423', ' 1936', ' 547', ' -306', ' -1940', ' -113', ' 785']","[' 1838', ' 147', ' 184', ' 1843', ' 934', ' 238', ' 615', ' 182', ' -508']",release3finger,False
15:44:19.504966,"['-1539', ' -51', ' 1402', ' 1936', ' 547', ' -306', ' -1924', ' -93', ' 759']","[' 1868', ' 226', ' 197', ' 1740', ' 964', ' 321', ' 600', ' 227', ' -489']",release3finger,False
15:44:19.507963,"['-1473', ' 3', ' 1390', ' 1936', ' 547', ' -306', ' -1817', ' -214', ' 706']","[' 1878', ' 221', ' 264', ' 1618', ' 914', ' 292', ' 592', ' 207', ' -493']",release3finger,False
15:44:19.511948,"['-1499', ' 31', ' 1387', ' 1936', ' 547', ' -306', ' -1883', ' -9', ' 753']","[' 1902', ' 340', ' 315', ' 1649', ' 976', ' 291', ' 622', ' 186', ' -492']",release3finger,False
15:44:19.515939,"['-1535', ' 330', ' 1489', ' 1936', ' 547', ' -306', ' -1788', ' -363', ' 717']","[' 1878', ' 319', ' 369', ' 1704', ' 1003', ' 216', ' 664', ' 130', ' -530']",release3finger,False
15:44:19.519932,"['-1818', ' -20', ' 1180', ' 1936', ' 547', ' -306', ' -1619', ' 11', ' 684']","[' 1888', ' 299', ' 408', ' 1692', ' 976', ' 273', ' 621', ' 133', ' -464']",release3finger,False
15:44:19.523922,"['-1485', ' -5', ' 1230', ' 1936', ' 547', ' -306', ' -1827', ' 99', ' 684']","[' 1840', ' 406', ' 425', ' 1669', ' 1015', ' 244', ' 590', ' 185', ' -414']",release3finger,False
15:44:19.527970,"['-1608', ' 191', ' 1199', ' 1936', ' 547', ' -306', ' -2110', ' 55', ' 714']","[' 1803', ' 316', ' 416', ' 1677', ' 889', ' 244', ' 643', ' 163', ' -431']",release3finger,False
15:44:19.530966,"['-1626', ' 239', ' 1238', ' 1936', ' 547', ' -306', ' -1922', ' 85', ' 628']","[' 1853', ' 298', ' 375', ' 1725', ' 1065', ' 259', ' 617', ' 131', ' -441']",release3finger,False
15:44:19.534956,"['-1658', ' 203', ' 1219', ' 1936', ' 547', ' -306', ' -1876', ' 3', ' 633']","[' 1869', ' 302', ' 370', ' 1689', ' 990', ' 236', ' 597', ' 144', ' -392']",release3finger,False
15:44:19.538978,"['-1593', ' 161', ' 1243', ' 2216', ' 351', ' -352', ' -1917', ' 88', ' 634']","[' 1827', ' 287', ' 396', ' 1588', ' 990', ' 235', ' 620', ' 175', ' -392']",release3finger,False
15:44:19.542967,"['-1589', ' 238', ' 1244', ' 2216', ' 351', ' -352', ' -1971', ' 42', ' 667']","[' 1823', ' 348', ' 370', ' 1528', ' 1048', ' 230', ' 644', ' 58', ' -416']",release3finger,False
15:44:19.546980,"['-1560', ' 129', ' 1320', ' 2216', ' 351', ' -352', ' -1765', ' -52', ' 681']","[' 1841', ' 333', ' 352', ' 1600', ' 1045', ' 210', ' 614', ' 81', ' -352']",release3finger,False
15:44:19.550970,"['-1534', ' 74', ' 1406', ' 2216', ' 351', ' -352', ' -1790', ' -164', ' 767']","[' 1835', ' 396', ' 371', ' 1612', ' 1027', ' 252', ' 602', ' 112', ' -273']",release3finger,False
15:44:19.553967,"['-2166', ' -178', ' 1695', ' 2216', ' 351', ' -352', ' -1903', ' 11', ' 765']","[' 1868', ' 550', ' 370', ' 1558', ' 998', ' 264', ' 607', ' 79', ' -287']",release3finger,False
15:44:19.557956,"['-1365', ' 110', ' 1421', ' 2216', ' 351', ' -352', ' -1830', ' -125', ' 865']","[' 1919', ' 580', ' 436', ' 1699', ' 992', ' 293', ' 639', ' -15', ' -331']",release3finger,False
15:44:19.561946,"['-1481', ' 159', ' 1347', ' 2216', ' 351', ' -352', ' -1842', ' -166', ' 773']","[' 2003', ' 538', ' 454', ' 1753', ' 995', ' 311', ' 654', ' 0', ' -324']",release3finger,False
15:44:19.565934,"['-1472', ' 59', ' 1299', ' 2216', ' 351', ' -352', ' -1822', ' -10', ' 717']","[' 2068', ' 540', ' 427', ' 1818', ' 990', ' 311', ' 665', ' 35', ' -315']",release3finger,False
15:44:19.569924,"['-1553', ' 141', ' 1208', ' 2216', ' 351', ' -352', ' -1770', ' -38', ' 603']","[' 2038', ' 541', ' 475', ' 1814', ' 952', ' 250', ' 689', ' 47', ' -343']",release3finger,False
15:44:19.573908,"['-1532', ' 219', ' 1177', ' 2216', ' 351', ' -352', ' -1867', ' 66', ' 524']","[' 2025', ' 590', ' 455', ' 1854', ' 1018', ' 194', ' 714', ' 28', ' -381']",release3finger,False
15:44:19.577898,"['-1567', ' 262', ' 1090', ' 2216', ' 351', ' -352', ' -1896', ' 81', ' 482']","[' 2007', ' 513', ' 448', ' 1908', ' 1023', ' 147', ' 679', ' 63', ' -386']",release3finger,False
15:44:19.580894,"['-1721', ' 314', ' 1027', ' 2138', ' 132', ' -323', ' -1874', ' 157', ' 446']","[' 1978', ' 529', ' 452', ' 1844', ' 1134', ' 136', ' 679', ' 127', ' -391']",release3finger,False
15:44:19.584886,"['-1670', ' 289', ' 1049', ' 2138', ' 132', ' -323', ' -1975', ' 246', ' 442']","[' 1912', ' 507', ' 452', ' 1812', ' 1079', ' 133', ' 669', ' 147', ' -402']",release3finger,False
15:44:19.588875,"['-1738', ' 395', ' 1014', ' 2138', ' 132', ' -323', ' -1960', ' 331', ' 379']","[' 1887', ' 522', ' 424', ' 1723', ' 1102', ' 127', ' 645', ' 180', ' -392']",release3finger,False
15:44:19.592865,"['-1627', ' 438', ' 1058', ' 2138', ' 132', ' -323', ' -1930', ' 306', ' 366']","[' 1824', ' 509', ' 404', ' 1709', ' 1090', ' 79', ' 629', ' 172', ' -377']",release3finger,False
15:44:19.596849,"['-1604', ' 420', ' 1039', ' 2138', ' 132', ' -323', ' -1887', ' 284', ' 360']","[' 1716', ' 455', ' 377', ' 1734', ' 1134', ' 92', ' 592', ' 194', ' -353']",release3finger,False
15:44:19.600351,"['-1665', ' 414', ' 1041', ' 2138', ' 132', ' -323', ' -1857', ' 371', ' 373']","[' 1610', ' 497', ' 368', ' 1643', ' 1093', ' 81', ' 563', ' 194', ' -341']",release3finger,False
15:44:19.604341,"['-1544', ' 416', ' 1081', ' 2138', ' 132', ' -323', ' -1890', ' 350', ' 402']","[' 1519', ' 534', ' 362', ' 1658', ' 1100', ' 143', ' 539', ' 173', ' -335']",release3finger,False
15:44:19.608325,"['-1549', ' 466', ' 1110', ' 2138', ' 132', ' -323', ' -1777', ' 336', ' 453']","[' 1484', ' 559', ' 322', ' 1664', ' 1076', ' 159', ' 531', ' 169', ' -313']",release3finger,False
15:44:19.612315,"['-1648', ' 431', ' 1027', ' 2138', ' 132', ' -323', ' -1137', ' 344', ' 887']","[' 1562', ' 698', ' 187', ' 1682', ' 1072', ' 186', ' 512', ' 151', ' -297']",release3finger,False
15:44:19.615307,"['-1339', ' 366', ' 1194', ' 2138', ' 132', ' -323', ' -1861', ' 387', ' 515']","[' 1405', ' 861', ' 332', ' 1677', ' 1022', ' 202', ' 511', ' 142', ' -276']",release3finger,False
15:44:19.619301,"['-1580', ' 424', ' 1204', ' 2010', ' 105', ' -281', ' -1990', ' 197', ' 607']","[' 1383', ' 785', ' 377', ' 1632', ' 1119', ' 229', ' 496', ' 147', ' -290']",release3finger,False
15:44:19.623286,"['-1403', ' 548', ' 1238', ' 2010', ' 105', ' -281', ' -1639', ' 283', ' 479']","[' 1463', ' 792', ' 246', ' 1667', ' 1109', ' 194', ' 524', ' 138', ' -288']",release3finger,False
15:44:19.627281,"['-1696', ' -27', ' 1248', ' 2010', ' 105', ' -281', ' -1665', ' 446', ' 493']","[' 1590', ' 1093', ' -208', ' 1628', ' 1103', ' 182', ' 492', ' 179', ' -246']",release3finger,False
15:44:19.631264,"['-7495', ' -5217', ' 2448', ' 2010', ' 105', ' -281', ' -172', ' 1134', ' -1037']","[' 1817', ' 1474', ' -245', ' 1664', ' 1104', ' 171', ' 498', ' 110', ' -245']",release3finger,False
15:44:19.635254,"['-6348', ' 4666', ' 3512', ' 2010', ' 105', ' -281', ' -1451', ' -592', ' -855']","[' 1605', ' 1539', ' -913', ' 1743', ' 1032', ' 465', ' 444', ' 103', ' -248']",release3finger,False
15:44:19.639243,"['-1081', ' -912', ' 3256', ' 2010', ' 105', ' -281', ' -1448', ' 1197', ' 137']","[' 1579', ' 1287', ' -748', ' 1521', ' 879', ' 548', ' 480', ' 165', ' -179']",release3finger,False
15:44:19.643232,"['-1613', ' 165', ' 1735', ' 2010', ' 105', ' -281', ' -2948', ' 465', ' 663']","[' 1365', ' 978', ' -640', ' 1708', ' 997', ' 594', ' 669', ' 73', ' -177']",release3finger,False
15:44:19.646224,"['-388', ' 1212', ' 939', ' 2010', ' 105', ' -281', ' -3355', ' -281', ' 855']","[' 1232', ' 1426', ' -235', ' 1356', ' 919', ' 215', ' 625', ' 96', ' -203']",release3finger,False
15:44:19.650215,"['-883', ' 1273', ' 192', ' 2010', ' 105', ' -281', ' -3241', ' -230', ' 858']","[' 1574', ' 613', ' -367', ' 1394', ' 1112', ' -79', ' 705', ' 18', ' -230']",release3finger,False
15:44:19.654203,"['-193', ' 1640', ' -25', ' 2010', ' 105', ' -281', ' -2650', ' -96', ' 813']","[' 1985', ' 2', ' -463', ' 1551', ' 1214', ' -173', ' 864', ' -123', ' -291']",release3finger,False
15:44:19.658196,"['-394', ' 1213', ' -170', ' 1840', ' 81', ' -380', ' -2273', ' 124', ' 694']","[' 1923', ' 113', ' -310', ' 1782', ' 1443', ' -118', ' 722', ' 116', ' -63']",release3finger,False
15:44:19.662186,"['-1041', ' 925', ' -54', ' 1840', ' 81', ' -380', ' -1516', ' 257', ' 438']","[' 1655', ' 542', ' 31', ' 2113', ' 1282', ' -115', ' 437', ' 465', ' 204']",release3finger,False
15:44:19.666175,"['-1418', ' 902', ' 124', ' 1840', ' 81', ' -380', ' -1689', ' 311', ' 332']","[' 1488', ' 1030', ' 235', ' 1929', ' 1058', ' 110', ' 337', ' 440', ' 91']",release3finger,False
15:44:19.669167,"['-1665', ' 805', ' 469', ' 1840', ' 81', ' -380', ' -1751', ' 404', ' 337']","[' 1359', ' 1022', ' 229', ' 1665', ' 1014', ' 321', ' 391', ' 113', ' -233']",release3finger,False
15:44:19.673157,"['-1748', ' 692', ' 869', ' 1840', ' 81', ' -380', ' -1604', ' 501', ' 299']","[' 1276', ' 1185', ' 214', ' 1482', ' 990', ' 348', ' 400', ' -114', ' -374']",release3finger,False
15:44:19.677146,"['-1798', ' 547', ' 1239', ' 1840', ' 81', ' -380', ' -1844', ' 510', ' 255']","[' 1302', ' 974', ' 12', ' 1635', ' 1013', ' 353', ' 431', ' -84', ' -299']",release3finger,False
15:44:19.681136,"['-1916', ' 446', ' 1496', ' 1840', ' 81', ' -380', ' -1975', ' 486', ' 195']","[' 1370', ' 588', ' -242', ' 1683', ' 973', ' 311', ' 511', ' 117', ' -181']",release3finger,False
15:44:19.685138,"['-2066', ' 332', ' 1529', ' 1840', ' 81', ' -380', ' -1953', ' 577', ' 201']","[' 1384', ' 439', ' -327', ' 1797', ' 1019', ' 286', ' 594', ' 271', ' -119']",release3finger,False
15:44:19.689122,"['-1931', ' 315', ' 1404', ' 1840', ' 81', ' -380', ' -1847', ' 628', ' 229']","[' 1272', ' 536', ' -239', ' 1660', ' 1033', ' 204', ' 615', ' 313', ' -95']",release3finger,False
15:44:19.693110,"['-1794', ' 413', ' 1273', ' 1840', ' 81', ' -380', ' -1868', ' 577', ' 185']","[' 1118', ' 778', ' -108', ' 1658', ' 1145', ' 146', ' 628', ' 265', ' -125']",release3finger,False
15:44:19.697099,"['-1723', ' 543', ' 1100', ' 1840', ' 81', ' -380', ' -1993', ' 437', ' 119']","[' 955', ' 837', ' -64', ' 1544', ' 1110', ' 61', ' 587', ' 237', ' -149']",release3finger,False
15:44:19.700529,"['-1611', ' 564', ' 987', ' 1568', ' -28', ' -582', ' -2048', ' 508', ' 143']","[' 847', ' 798', ' -80', ' 1583', ' 1151', ' 52', ' 600', ' 155', ' -200']",release3finger,False
15:44:19.704521,"['-1556', ' 594', ' 940', ' 1568', ' -28', ' -582', ' -2150', ' 463', ' 124']","[' 758', ' 694', ' -132', ' 1606', ' 1181', ' 37', ' 566', ' 126', ' -182']",release3finger,False
15:44:19.708505,"['-1505', ' 636', ' 918', ' 1568', ' -28', ' -582', ' -2190', ' 448', ' 111']","[' 677', ' 583', ' -176', ' 1641', ' 1188', ' 34', ' 492', ' 212', ' -64']",release3finger,False
15:44:19.712495,"['-1480', ' 630', ' 945', ' 1568', ' -28', ' -582', ' -2214', ' 454', ' 99']","[' 572', ' 413', ' -222', ' 1636', ' 1158', ' 104', ' 449', ' 315', ' 45']",release3finger,False
15:44:19.715487,"['-1562', ' 571', ' 987', ' 1568', ' -28', ' -582', ' -2131', ' 491', ' 129']","[' 465', ' 325', ' -219', ' 1580', ' 1108', ' 152', ' 415', ' 312', ' 58']",release3finger,False
15:44:19.719476,"['-1556', ' 515', ' 983', ' 1568', ' -28', ' -582', ' -2104', ' 450', ' 160']","[' 370', ' 329', ' -205', ' 1528', ' 1074', ' 182', ' 425', ' 210', ' 11']",release3finger,False
15:44:19.723471,"['-1570', ' 494', ' 1019', ' 1568', ' -28', ' -582', ' -2092', ' 383', ' 192']","[' 288', ' 316', ' -205', ' 1598', ' 1091', ' 166', ' 412', ' 132', ' -22']",release3finger,False
15:44:19.727459,"['-1633', ' 517', ' 1021', ' 1568', ' -28', ' -582', ' -2067', ' 374', ' 235']","[' 214', ' 295', ' -208', ' 1644', ' 1109', ' 152', ' 404', ' 122', ' -6']",release3finger,False
15:44:19.731449,"['-1687', ' 522', ' 1035', ' 1568', ' -28', ' -582', ' -2061', ' 301', ' 327']","[' 171', ' 254', ' -223', ' 1658', ' 1139', ' 163', ' 374', ' 145', ' 7']",release3finger,False
15:44:19.735433,"['-1754', ' 504', ' 1040', ' 1568', ' -28', ' -582', ' -2069', ' 266', ' 364']","[' 168', ' 204', ' -248', ' 1791', ' 1088', ' 152', ' 354', ' 181', ' 74']",release3finger,False
15:44:19.739423,"['-1809', ' 492', ' 1043', ' 1199', ' -41', ' -590', ' -2087', ' 219', ' 384']","[' 157', ' 193', ' -240', ' 1700', ' 1055', ' 182', ' 341', ' 207', ' 87']",release3finger,False
15:44:19.743411,"['-1833', ' 480', ' 1017', ' 1199', ' -41', ' -590', ' -2035', ' 208', ' 403']","[' 174', ' 188', ' -235', ' 1702', ' 1077', ' 171', ' 342', ' 210', ' 98']",release3finger,False
15:44:19.746409,"['-1829', ' 503', ' 1010', ' 1199', ' -41', ' -590', ' -2013', ' 218', ' 393']","[' 168', ' 203', ' -202', ' 1679', ' 1063', ' 176', ' 347', ' 231', ' 90']",release3finger,False
15:44:19.750398,"['-1838', ' 500', ' 1030', ' 1199', ' -41', ' -590', ' -2028', ' 202', ' 391']","[' 165', ' 234', ' -193', ' 1668', ' 1064', ' 141', ' 346', ' 179', ' 42']",release3finger,False
15:44:19.754387,"['-1792', ' 472', ' 1073', ' 1199', ' -41', ' -590', ' -2079', ' 178', ' 407']","[' 157', ' 246', ' -177', ' 1644', ' 1119', ' 152', ' 349', ' 143', ' 33']",release3finger,False
15:44:19.758379,"['-1758', ' 427', ' 1138', ' 1199', ' -41', ' -590', ' -2077', ' 166', ' 403']","[' 149', ' 232', ' -176', ' 1664', ' 1114', ' 147', ' 327', ' 151', ' 67']",release3finger,False
15:44:19.762361,"['-1700', ' 362', ' 1178', ' 1199', ' -41', ' -590', ' -2094', ' 186', ' 399']","[' 140', ' 203', ' -165', ' 1659', ' 1091', ' 171', ' 326', ' 168', ' 93']",release3finger,False
15:44:19.766351,"['-1664', ' 363', ' 1202', ' 1199', ' -41', ' -590', ' -2091', ' 208', ' 344']","[' 134', ' 175', ' -155', ' 1685', ' 1099', ' 159', ' 308', ' 168', ' 104']",release3finger,False
15:44:19.769350,"['-1643', ' 362', ' 1239', ' 1199', ' -41', ' -590', ' -2066', ' 242', ' 320']","[' 108', ' 153', ' -161', ' 1688', ' 1090', ' 171', ' 313', ' 156', ' 87']",release3finger,False
15:44:19.773337,"['-1670', ' 359', ' 1205', ' 1199', ' -41', ' -590', ' -2063', ' 269', ' 315']","[' 72', ' 150', ' -167', ' 1733', ' 1094', ' 178', ' 314', ' 119', ' 54']",release3finger,False
15:44:19.777322,"['-1677', ' 381', ' 1202', ' 1199', ' -41', ' -590', ' -2055', ' 229', ' 333']","[' 46', ' 153', ' -156', ' 1747', ' 1087', ' 195', ' 314', ' 89', ' 31']",release3finger,False
15:44:19.781316,"['-1659', ' 375', ' 1212', ' 692', ' 71', ' -375', ' -2060', ' 194', ' 363']","[' 37', ' 143', ' -150', ' 1772', ' 1057', ' 215', ' 307', ' 99', ' 20']",release3finger,False
15:44:19.785324,"['-1670', ' 375', ' 1236', ' 692', ' 71', ' -375', ' -2056', ' 195', ' 402']","[' 45', ' 134', ' -146', ' 1829', ' 1079', ' 206', ' 309', ' 115', ' 14']",release3finger,False
15:44:19.789299,"['-1648', ' 348', ' 1275', ' 692', ' 71', ' -375', ' -2069', ' 199', ' 401']","[' 41', ' 131', ' -152', ' 1806', ' 1079', ' 214', ' 316', ' 124', ' -2']",release3finger,False
15:44:19.793288,"['-1624', ' 327', ' 1306', ' 692', ' 71', ' -375', ' -2074', ' 186', ' 387']","[' 30', ' 125', ' -146', ' 1785', ' 1098', ' 192', ' 312', ' 137', ' -12']",release3finger,False
15:44:19.796285,"['-1630', ' 298', ' 1333', ' 692', ' 71', ' -375', ' -2062', ' 174', ' 421']","[' 28', ' 115', ' -144', ' 1712', ' 1098', ' 182', ' 311', ' 146', ' -15']",release3finger,False
15:44:19.800422,"['-1603', ' 286', ' 1350', ' 692', ' 71', ' -375', ' -2055', ' 154', ' 430']","[' 36', ' 91', ' -140', ' 1661', ' 1097', ' 156', ' 306', ' 134', ' -15']",release3finger,False
15:44:19.804412,"['-1590', ' 252', ' 1384', ' 692', ' 71', ' -375', ' -2044', ' 143', ' 451']","[' 43', ' 99', ' -138', ' 1645', ' 1109', ' 137', ' 299', ' 105', ' -4']",release3finger,False
15:44:19.808396,"['-1581', ' 258', ' 1386', ' 692', ' 71', ' -375', ' -2033', ' 140', ' 473']","[' 47', ' 86', ' -135', ' 1653', ' 1123', ' 116', ' 282', ' 89', ' 7']",release3finger,False
15:44:19.812385,"['-1590', ' 251', ' 1370', ' 692', ' 71', ' -375', ' -2022', ' 118', ' 496']","[' 77', ' 101', ' -128', ' 1657', ' 1125', ' 129', ' 260', ' 91', ' 29']",release3finger,False
15:44:19.815377,"['-1608', ' 265', ' 1374', ' 692', ' 71', ' -375', ' -2010', ' 116', ' 514']","[' 91', ' 101', ' -135', ' 1669', ' 1124', ' 120', ' 246', ' 75', ' 28']",release3finger,False
15:44:19.819367,"['-1612', ' 299', ' 1339', ' 202', ' 76', ' -174', ' -2015', ' 122', ' 497']","[' 101', ' 100', ' -152', ' 1721', ' 1173', ' 121', ' 228', ' 77', ' 33']",release3finger,False
15:44:19.823361,"['-1605', ' 309', ' 1296', ' 202', ' 76', ' -174', ' -2020', ' 145', ' 523']","[' 120', ' 101', ' -155', ' 1827', ' 1144', ' 110', ' 209', ' 75', ' 32']",release3finger,False
15:44:19.827351,"['-1608', ' 279', ' 1256', ' 202', ' 76', ' -174', ' -2057', ' 116', ' 500']","[' 144', ' 136', ' -140', ' 1604', ' 1062', ' 71', ' 190', ' 38', ' 10']",release3finger,False
15:44:19.831335,"['-1597', ' 283', ' 1259', ' 202', ' 76', ' -174', ' -1998', ' 159', ' 493']","[' 171', ' 119', ' -142', ' 1716', ' 1086', ' 66', ' 195', ' 45', ' 8']",release3finger,False
15:44:19.835324,"['-1634', ' 366', ' 1278', ' 202', ' 76', ' -174', ' -2032', ' 177', ' 438']","[' 192', ' 132', ' -127', ' 1757', ' 1142', ' 60', ' 175', ' 89', ' 43']",release3finger,False
15:44:19.838316,"['-1621', ' 359', ' 1323', ' 202', ' 76', ' -174', ' -2043', ' 213', ' 455']","[' 199', ' 143', ' -126', ' 1761', ' 1085', ' 60', ' 178', ' 87', ' 41']",release3finger,False
15:44:19.842305,"['-1581', ' 278', ' 1327', ' 202', ' 76', ' -174', ' -2060', ' 185', ' 445']","[' 187', ' 163', ' -103', ' 1791', ' 1112', ' 120', ' 179', ' 59', ' 15']",release3finger,False
15:44:19.846296,"['-1531', ' 272', ' 1404', ' 202', ' 76', ' -174', ' -2042', ' 169', ' 447']","[' 183', ' 160', ' -100', ' 1801', ' 1078', ' 153', ' 187', ' 41', ' -1']",release3finger,False
15:44:19.850285,"['-1558', ' 265', ' 1455', ' 202', ' 76', ' -174', ' -2032', ' 168', ' 464']","[' 193', ' 139', ' -97', ' 1769', ' 1079', ' 174', ' 211', ' 64', ' -20']",release3finger,False
15:44:19.854273,"['-1547', ' 309', ' 1456', ' 202', ' 76', ' -174', ' -2004', ' 167', ' 458']","[' 215', ' 137', ' -106', ' 1763', ' 1059', ' 180', ' 213', ' 75', ' -23']",release3finger,False
15:44:19.858262,"['-1547', ' 300', ' 1406', ' 202', ' 76', ' -174', ' -1974', ' 159', ' 440']","[' 212', ' 145', ' -114', ' 1730', ' 1073', ' 145', ' 221', ' 75', ' -30']",release3finger,False
15:44:19.862252,"['-1572', ' 359', ' 1337', ' -26', ' -13', ' -67', ' -1974', ' 215', ' 411']","[' 210', ' 141', ' -118', ' 1702', ' 1097', ' 92', ' 232', ' 64', ' -39']",release3finger,False
15:44:19.865244,"['-1578', ' 397', ' 1260', ' -26', ' -13', ' -67', ' -1970', ' 213', ' 398']","[' 192', ' 164', ' -118', ' 1688', ' 1135', ' 64', ' 223', ' 60', ' -51']",release3finger,False
15:44:19.869239,"['-1566', ' 410', ' 1239', ' -26', ' -13', ' -67', ' -2018', ' 218', ' 386']","[' 174', ' 171', ' -127', ' 1670', ' 1143', ' 47', ' 210', ' 52', ' -36']",release3finger,False
15:44:19.873227,"['-1586', ' 418', ' 1230', ' -26', ' -13', ' -67', ' -2027', ' 210', ' 397']","[' 151', ' 166', ' -128', ' 1646', ' 1131', ' 43', ' 201', ' 49', ' -27']",release3finger,False
15:44:19.877217,"['-1586', ' 447', ' 1185', ' -26', ' -13', ' -67', ' -2030', ' 213', ' 365']","[' 135', ' 163', ' -128', ' 1640', ' 1130', ' 57', ' 178', ' 45', ' -19']",release3finger,False
15:44:19.881206,"['-1549', ' 453', ' 1189', ' -26', ' -13', ' -67', ' -2017', ' 225', ' 346']","[' 119', ' 143', ' -123', ' 1663', ' 1153', ' 41', ' 161', ' 40', ' 0']",release3finger,False
15:44:19.885199,"['-1548', ' 436', ' 1171', ' -26', ' -13', ' -67', ' -2024', ' 242', ' 341']","[' 86', ' 142', ' -123', ' 1666', ' 1144', ' 38', ' 140', ' 46', ' 3']",release3finger,False
15:44:19.889183,"['-1542', ' 415', ' 1196', ' -26', ' -13', ' -67', ' -2033', ' 271', ' 289']","[' 58', ' 122', ' -134', ' 1659', ' 1136', ' 66', ' 120', ' 42', ' 12']",release3finger,False
15:44:19.893172,"['-1540', ' 407', ' 1239', ' -26', ' -13', ' -67', ' -2041', ' 284', ' 311']","[' 19', ' 122', ' -125', ' 1678', ' 1134', ' 62', ' 110', ' 31', ' 17']",release3finger,False
15:44:19.897162,"['-1567', ' 397', ' 1263', ' -26', ' -13', ' -67', ' -2038', ' 282', ' 308']","[' -25', ' 107', ' -124', ' 1682', ' 1113', ' 105', ' 93', ' 40', ' 28']",release3finger,False
15:44:19.900177,"['-1566', ' 410', ' 1271', ' 12', ' -37', ' -44', ' -2040', ' 274', ' 326']","[' -43', ' 87', ' -113', ' 1706', ' 1115', ' 115', ' 82', ' 51', ' 16']",release3finger,False
15:44:19.904165,"['-1605', ' 415', ' 1233', ' 12', ' -37', ' -44', ' -2023', ' 244', ' 350']","[' -58', ' 71', ' -123', ' 1677', ' 1102', ' 112', ' 84', ' 55', ' 30']",release3finger,False
15:44:19.908155,"['-1651', ' 453', ' 1203', ' 12', ' -37', ' -44', ' -2029', ' 238', ' 360']","[' -73', ' 59', ' -119', ' 1655', ' 1125', ' 74', ' 70', ' 67', ' 43']",release3finger,False
15:44:19.912145,"['-1715', ' 468', ' 1155', ' 12', ' -37', ' -44', ' -2012', ' 250', ' 358']","[' -89', ' 54', ' -122', ' 1633', ' 1127', ' 73', ' 53', ' 62', ' 66']",release3finger,False
15:44:19.916137,"['-1734', ' 473', ' 1137', ' 12', ' -37', ' -44', ' -1993', ' 281', ' 328']","[' -103', ' 50', ' -119', ' 1638', ' 1131', ' 100', ' 35', ' 57', ' 58']",release3finger,False
15:44:19.920123,"['-1768', ' 494', ' 1114', ' 12', ' -37', ' -44', ' -2001', ' 263', ' 321']","[' -127', ' 43', ' -130', ' 1635', ' 1122', ' 119', ' 48', ' 48', ' 68']",release3finger,False
15:44:19.924112,"['-1760', ' 507', ' 1111', ' 12', ' -37', ' -44', ' -2051', ' 251', ' 308']","[' -146', ' 37', ' -120', ' 1638', ' 1101', ' 135', ' 37', ' 41', ' 68']",release3finger,False
15:44:19.928101,"['-1719', ' 514', ' 1087', ' 12', ' -37', ' -44', ' -2051', ' 228', ' 330']","[' -157', ' 22', ' -134', ' 1673', ' 1100', ' 153', ' 44', ' 35', ' 57']",release3finger,False
15:44:19.931098,"['-1713', ' 543', ' 1095', ' 12', ' -37', ' -44', ' -2073', ' 239', ' 349']","[' -177', ' -3', ' -135', ' 1654', ' 1105', ' 164', ' 55', ' 35', ' 72']",release3finger,False
15:44:19.935087,"['-1654', ' 524', ' 1072', ' 12', ' -37', ' -44', ' -2052', ' 231', ' 366']","[' -192', ' -18', ' -150', ' 1667', ' 1092', ' 165', ' 65', ' 31', ' 62']",release3finger,False
15:44:19.939077,"['-1608', ' 507', ' 1091', ' 96', ' -4', ' -58', ' -2057', ' 208', ' 358']","[' -191', ' -43', ' -148', ' 1667', ' 1102', ' 161', ' 59', ' 33', ' 72']",release3finger,False
15:44:19.943067,"['-1596', ' 498', ' 1096', ' 96', ' -4', ' -58', ' -2044', ' 197', ' 382']","[' -200', ' -43', ' -141', ' 1686', ' 1092', ' 179', ' 60', ' 37', ' 85']",release3finger,False
15:44:19.947133,"['-1596', ' 466', ' 1132', ' 96', ' -4', ' -58', ' -2017', ' 176', ' 379']","[' -189', ' -53', ' -129', ' 1669', ' 1074', ' 174', ' 57', ' 33', ' 82']",release3finger,False
15:44:19.950783,"['-1588', ' 434', ' 1155', ' 96', ' -4', ' -58', ' -2001', ' 175', ' 385']","[' -175', ' -42', ' -129', ' 1663', ' 1058', ' 174', ' 78', ' 23', ' 87']",release3finger,False
15:44:19.954772,"['-1611', ' 431', ' 1170', ' 96', ' -4', ' -58', ' -2000', ' 165', ' 394']","[' -169', ' -26', ' -132', ' 1662', ' 1089', ' 144', ' 87', ' 20', ' 83']",release3finger,False
15:44:19.958756,"['-1608', ' 399', ' 1191', ' 96', ' -4', ' -58', ' -1993', ' 203', ' 365']","[' -164', ' -18', ' -128', ' 1653', ' 1105', ' 146', ' 65', ' 14', ' 97']",release3finger,False
15:44:19.961753,"['-1592', ' 375', ' 1243', ' 96', ' -4', ' -58', ' -2006', ' 211', ' 332']","[' -175', ' -4', ' -122', ' 1664', ' 1080', ' 154', ' 62', ' 3', ' 103']",release3finger,False
15:44:19.965742,"['-1603', ' 346', ' 1273', ' 96', ' -4', ' -58', ' -2023', ' 235', ' 326']","[' -186', ' -15', ' -122', ' 1683', ' 1077', ' 158', ' 57', ' -1', ' 100']",release3finger,False
15:44:19.969732,"['-1595', ' 338', ' 1290', ' 96', ' -4', ' -58', ' -2034', ' 204', ' 316']","[' -212', ' -18', ' -127', ' 1676', ' 1079', ' 167', ' 52', ' 4', ' 113']",release3finger,False
15:44:19.973720,"['-1581', ' 331', ' 1278', ' 96', ' -4', ' -58', ' -2034', ' 188', ' 326']","[' -210', ' -36', ' -121', ' 1698', ' 1075', ' 165', ' 53', ' 7', ' 121']",release3finger,False
15:44:19.977956,"['-1582', ' 355', ' 1241', ' 96', ' -4', ' -58', ' -2021', ' 178', ' 339']","[' -220', ' -41', ' -115', ' 1696', ' 1083', ' 136', ' 57', ' 16', ' 116']",release3finger,False
15:44:19.981872,"['-1587', ' 381', ' 1216', ' 18', ' -12', ' -34', ' -2025', ' 160', ' 353']","[' -232', ' -42', ' -115', ' 1719', ' 1089', ' 138', ' 33', ' 2', ' 123']",release3finger,False
15:44:19.985863,"['-1582', ' 376', ' 1179', ' 18', ' -12', ' -34', ' -2031', ' 146', ' 372']","[' -243', ' -40', ' -108', ' 1749', ' 1077', ' 131', ' 33', ' 9', ' 110']",release3finger,False
15:44:19.988919,"['-1590', ' 387', ' 1177', ' 18', ' -12', ' -34', ' -2047', ' 155', ' 375']","[' -239', ' -35', ' -106', ' 1753', ' 1098', ' 146', ' 20', ' 11', ' 94']",release3finger,False
15:44:19.992917,"['-1602', ' 381', ' 1169', ' 18', ' -12', ' -34', ' -2032', ' 154', ' 348']","[' -249', ' -31', ' -96', ' 1725', ' 1073', ' 152', ' 16', ' 17', ' 81']",release3finger,False
15:44:19.997478,"['-1625', ' 377', ' 1202', ' 18', ' -12', ' -34', ' -2050', ' 196', ' 321']","[' -270', ' -32', ' -104', ' 1718', ' 1057', ' 151', ' 14', ' 23', ' 90']",release3finger,False
15:44:20.000537,"['-1598', ' 363', ' 1222', ' 18', ' -12', ' -34', ' -2088', ' 225', ' 246']","[' -300', ' -67', ' -97', ' 1689', ' 1064', ' 140', ' 3', ' 22', ' 87']",release3finger,False
15:44:20.004525,"['-1595', ' 335', ' 1262', ' 18', ' -12', ' -34', ' -2099', ' 241', ' 239']","[' -336', ' -82', ' -96', ' 1720', ' 1084', ' 117', ' 14', ' 16', ' 85']",release3finger,False
15:44:20.008457,"['-1623', ' 339', ' 1242', ' 18', ' -12', ' -34', ' -2092', ' 241', ' 257']","[' -375', ' -106', ' -102', ' 1710', ' 1090', ' 108', ' -3', ' 8', ' 87']",release3finger,False
15:44:20.012445,"['-1620', ' 355', ' 1238', ' 18', ' -12', ' -34', ' -2112', ' 195', ' 299']","[' -407', ' -134', ' -99', ' 1718', ' 1092', ' 115', ' -19', ' 7', ' 65']",release3finger,False
15:44:20.016434,"['-1634', ' 358', ' 1231', ' 18', ' -12', ' -34', ' -2105', ' 159', ' 335']","[' -414', ' -170', ' -95', ' 1727', ' 1097', ' 159', ' -28', ' -6', ' 76']",release3finger,False
15:44:20.020424,"['-1669', ' 347', ' 1223', ' -180', ' -83', ' 16', ' -2082', ' 143', ' 403']","[' -426', ' -175', ' -92', ' 1729', ' 1084', ' 148', ' -31', ' 11', ' 90']",release3finger,False
15:44:20.024408,"['-1663', ' 352', ' 1220', ' -180', ' -83', ' 16', ' -2080', ' 120', ' 422']","[' -425', ' -166', ' -75', ' 1748', ' 1073', ' 149', ' -47', ' 14', ' 93']",release3finger,False
15:44:20.028398,"['-1664', ' 364', ' 1230', ' -180', ' -83', ' 16', ' -2058', ' 117', ' 437']","[' -404', ' -158', ' -49', ' 1746', ' 1041', ' 205', ' -53', ' 8', ' 86']",release3finger,False
15:44:20.031390,"['-1658', ' 359', ' 1252', ' -180', ' -83', ' 16', ' -2046', ' 130', ' 424']","[' -387', ' -145', ' -47', ' 1750', ' 1029', ' 233', ' -31', ' 7', ' 85']",release3finger,False
15:44:20.036113,"['-1638', ' 334', ' 1269', ' -180', ' -83', ' 16', ' -2025', ' 167', ' 399']","[' -380', ' -148', ' -43', ' 1745', ' 1037', ' 243', ' -21', ' -9', ' 81']",release3finger,False
15:44:20.039105,"['-1657', ' 320', ' 1307', ' -180', ' -83', ' 16', ' -2040', ' 169', ' 410']","[' -374', ' -151', ' -42', ' 1733', ' 1055', ' 208', ' 3', ' -10', ' 69']",release3finger,False
15:44:20.043095,"['-1649', ' 323', ' 1304', ' -180', ' -83', ' 16', ' -2019', ' 167', ' 372']","[' -372', ' -164', ' -59', ' 1736', ' 1064', ' 169', ' 10', ' -18', ' 57']",release3finger,False
15:44:20.047083,"['-1639', ' 317', ' 1318', ' -180', ' -83', ' 16', ' -2023', ' 163', ' 391']","[' -363', ' -169', ' -52', ' 1725', ' 1081', ' 161', ' 16', ' -25', ' 54']",release3finger,False
15:44:20.051073,"['-1590', ' 295', ' 1320', ' -180', ' -83', ' 16', ' -2016', ' 147', ' 440']","[' -357', ' -167', ' -52', ' 1761', ' 1054', ' 163', ' 7', ' -18', ' 51']",release3finger,False
15:44:20.055062,"['-1573', ' 260', ' 1371', ' -180', ' -83', ' 16', ' -2023', ' 91', ' 478']","[' -347', ' -164', ' -50', ' 1750', ' 1066', ' 178', ' 20', ' -14', ' 39']",release3finger,False
15:44:20.059268,"['-1532', ' 225', ' 1418', ' -180', ' -83', ' 16', ' -1997', ' 54', ' 499']","[' -305', ' -148', ' -31', ' 1748', ' 1063', ' 193', ' 21', ' -3', ' 15']",release3finger,False
15:44:20.063305,"['-1514', ' 212', ' 1447', ' -345', ' -145', ' 38', ' -1971', ' 81', ' 538']","[' -245', ' -125', ' -24', ' 1750', ' 1053', ' 169', ' 35', ' -8', ' 14']",release3finger,False
15:44:20.066311,"['-1521', ' 203', ' 1438', ' -345', ' -145', ' 38', ' -1944', ' 79', ' 507']","[' -195', ' -99', ' -27', ' 1740', ' 1066', ' 139', ' 25', ' 0', ' 7']",release3finger,False
15:44:20.070308,"['-1527', ' 233', ' 1406', ' -345', ' -145', ' 38', ' -1930', ' 102', ' 463']","[' -162', ' -84', ' -9', ' 1728', ' 1084', ' 134', ' 31', ' -6', ' 13']",release3finger,False
15:44:20.074298,"['-1550', ' 280', ' 1358', ' -345', ' -145', ' 38', ' -1953', ' 163', ' 431']","[' -156', ' -48', ' -34', ' 1730', ' 1099', ' 114', ' 16', ' -3', ' 15']",release3finger,False
15:44:20.078283,"['-1573', ' 334', ' 1320', ' -345', ' -145', ' 38', ' -1986', ' 182', ' 397']","[' -177', ' -32', ' -22', ' 1727', ' 1098', ' 100', ' 16', ' 2', ' 14']",release3finger,False
15:44:20.082272,"['-1584', ' 357', ' 1268', ' -345', ' -145', ' 38', ' -2028', ' 179', ' 395']","[' -185', ' -29', ' -19', ' 1722', ' 1086', ' 110', ' 9', ' -11', ' 16']",release3finger,False
15:44:20.086269,"['-1546', ' 354', ' 1279', ' -345', ' -145', ' 38', ' -2012', ' 174', ' 416']","[' -194', ' -35', ' -13', ' 1764', ' 1081', ' 95', ' 1', ' 6', ' 17']",release3finger,False
15:44:20.090253,"['-1532', ' 346', ' 1280', ' -345', ' -145', ' 38', ' -2035', ' 170', ' 428']","[' -195', ' -45', ' -30', ' 1755', ' 1088', ' 109', ' 0', ' 17', ' 11']",release3finger,False
15:44:20.094242,"['-1529', ' 317', ' 1297', ' -345', ' -145', ' 38', ' -2032', ' 157', ' 426']","[' -197', ' -59', ' -21', ' 1769', ' 1089', ' 107', ' -19', ' 22', ' 10']",release3finger,False
15:44:20.097749,"['-1519', ' 329', ' 1289', ' -345', ' -145', ' 38', ' -2033', ' 126', ' 452']","[' -197', ' -63', ' -17', ' 1735', ' 1094', ' 125', ' -26', ' 30', ' -6']",release3finger,False
15:44:20.101963,"['-1539', ' 326', ' 1294', ' -398', ' -161', ' 44', ' -2020', ' 135', ' 450']","[' -208', ' -61', ' -26', ' 1695', ' 1087', ' 127', ' -18', ' 34', ' 5']",release3finger,False
15:44:20.105985,"['-1531', ' 323', ' 1325', ' -398', ' -161', ' 44', ' -2000', ' 120', ' 463']","[' -193', ' -63', ' -19', ' 1683', ' 1061', ' 126', ' -29', ' 29', ' 4']",release3finger,False
15:44:20.109942,"['-1563', ' 289', ' 1329', ' -398', ' -161', ' 44', ' -1998', ' 135', ' 480']","[' -190', ' -54', ' -5', ' 1677', ' 1051', ' 157', ' -33', ' 17', ' 6']",release3finger,False
15:44:20.112935,"['-1569', ' 329', ' 1337', ' -398', ' -161', ' 44', ' -1985', ' 148', ' 457']","[' -197', ' -45', ' -4', ' 1696', ' 1056', ' 160', ' -29', ' 21', ' 17']",release3finger,False
15:44:20.116956,"['-1593', ' 314', ' 1351', ' -398', ' -161', ' 44', ' -1985', ' 158', ' 477']","[' -198', ' -36', ' -10', ' 1707', ' 1060', ' 153', ' -19', ' 17', ' 15']",release3finger,False
15:44:20.120913,"['-1616', ' 317', ' 1319', ' -398', ' -161', ' 44', ' -2015', ' 143', ' 440']","[' -178', ' -43', ' -14', ' 1712', ' 1064', ' 156', ' -10', ' -3', ' 14']",release3finger,False
15:44:20.124928,"['-1616', ' 304', ' 1325', ' -398', ' -161', ' 44', ' -2027', ' 163', ' 438']","[' -168', ' -59', ' -39', ' 1716', ' 1061', ' 170', ' 6', ' -3', ' 17']",release3finger,False
15:44:20.128922,"['-1591', ' 319', ' 1324', ' -398', ' -161', ' 44', ' -2037', ' 161', ' 410']","[' -177', ' -74', ' -12', ' 1736', ' 1072', ' 137', ' 6', ' -4', ' -14']",release3finger,False
15:44:20.133129,"['-1623', ' 330', ' 1327', ' -398', ' -161', ' 44', ' -2104', ' 156', ' 411']","[' -171', ' -77', ' -18', ' 1727', ' 1060', ' 157', ' 1', ' -6', ' -13']",release3finger,False
15:44:20.137152,"['-1577', ' 310', ' 1327', ' -398', ' -161', ' 44', ' -2080', ' 160', ' 418']","[' -184', ' -106', ' -5', ' 1677', ' 1071', ' 167', ' -20', ' -8', ' -15']",release3finger,False
15:44:20.140171,"['-1602', ' 301', ' 1325', ' -336', ' -137', ' 48', ' -2097', ' 148', ' 411']","[' -188', ' -86', ' 20', ' 1698', ' 1045', ' 182', ' -12', ' -17', ' -22']",release3finger,False
15:44:20.144139,"['-1648', ' 306', ' 1310', ' -336', ' -137', ' 48', ' -2170', ' 151', ' 389']","[' -182', ' -153', ' 8', ' 1705', ' 1059', ' 162', ' 6', ' -17', ' -19']",release3finger,False
15:44:20.148094,"['-1605', ' 310', ' 1277', ' -336', ' -137', ' 48', ' -2150', ' 165', ' 423']","[' -167', ' -179', ' 19', ' 1708', ' 1055', ' 160', ' 9', ' -19', ' -4']",release3finger,False
15:44:20.152083,"['-1661', ' 341', ' 1260', ' -336', ' -137', ' 48', ' -2162', ' 177', ' 396']","[' -176', ' -204', ' 41', ' 1727', ' 1054', ' 169', ' 14', ' -10', ' 2']",release3finger,False
15:44:20.156073,"['-1654', ' 371', ' 1232', ' -336', ' -137', ' 48', ' -2110', ' 188', ' 376']","[' -198', ' -241', ' 48', ' 1689', ' 1063', ' 185', ' 10', ' -22', ' -5']",release3finger,False
15:44:20.160063,"['-1654', ' 386', ' 1218', ' -336', ' -137', ' 48', ' -2095', ' 223', ' 364']","[' -204', ' -254', ' 54', ' 1716', ' 1055', ' 186', ' 10', ' -52', ' -19']",release3finger,False
15:44:20.164046,"['-1693', ' 365', ' 1186', ' -336', ' -137', ' 48', ' -2105', ' 143', ' 376']","[' -211', ' -311', ' 29', ' 1708', ' 1011', ' 199', ' 33', ' -69', ' -32']",release3finger,False
15:44:20.168068,"['-1790', ' 323', ' 1170', ' -336', ' -137', ' 48', ' -2178', ' 142', ' 414']","[' -176', ' -382', ' -10', ' 1752', ' 1049', ' 239', ' 65', ' -51', ' -28']",release3finger,False
15:44:20.172058,"['-1699', ' 395', ' 1202', ' -336', ' -137', ' 48', ' -2121', ' 196', ' 423']","[' -192', ' -425', ' -4', ' 1689', ' 1036', ' 256', ' 42', ' -82', ' -39']",release3finger,False
15:44:20.175057,"['-1753', ' 404', ' 1217', ' -336', ' -137', ' 48', ' -2150', ' 144', ' 444']","[' -250', ' -316', ' 63', ' 1679', ' 1033', ' 250', ' 56', ' -87', ' -42']",release3finger,False
15:44:20.179121,"['-1789', ' 358', ' 1219', ' -336', ' -137', ' 48', ' -2149', ' 118', ' 447']","[' -269', ' -344', ' 79', ' 1565', ' 1007', ' 235', ' 33', ' -162', ' -90']",release3finger,False
15:44:20.183125,"['-1746', ' 254', ' 1206', ' -248', ' -107', ' 47', ' -2198', ' 70', ' 426']","[' -238', ' -314', ' 93', ' 1666', ' 1026', ' 235', ' 57', ' -219', ' -81']",release3finger,False
15:44:20.187067,"['-1906', ' 254', ' 1244', ' -248', ' -107', ' 47', ' -2365', ' 49', ' 468']","[' -202', ' -464', ' 47', ' 1667', ' 1008', ' 237', ' 96', ' -205', ' -75']",release3finger,False
15:44:20.191220,"['-1797', ' 207', ' 1266', ' -248', ' -107', ' 47', ' -2334', ' 28', ' 447']","[' -158', ' -547', ' 44', ' 1697', ' 1025', ' 242', ' 116', ' -252', ' -105']",release3finger,False
15:44:20.195210,"['-1817', ' 234', ' 1343', ' -248', ' -107', ' 47', ' -2445', ' 67', ' 441']","[' -115', ' -637', ' 51', ' 1703', ' 1014', ' 214', ' 95', ' -292', ' -127']",release3finger,False
15:44:20.198794,"['-1833', ' 116', ' 1395', ' -248', ' -107', ' 47', ' -2375', ' 100', ' 427']","[' -121', ' -725', ' 69', ' 1622', ' 978', ' 216', ' 114', ' -326', ' -157']",release3finger,False
15:44:20.202852,"['-1867', ' 190', ' 1436', ' -248', ' -107', ' 47', ' -2448', ' 101', ' 397']","[' -131', ' -740', ' 105', ' 1592', ' 1006', ' 238', ' 119', ' -399', ' -186']",release3finger,False
15:44:20.206729,"['-1877', ' 141', ' 1447', ' -248', ' -107', ' 47', ' -2573', ' 102', ' 316']","[' -122', ' -870', ' 99', ' 1634', ' 997', ' 238', ' 139', ' -484', ' -213']",release3finger,False
15:44:20.210718,"['-1930', ' 118', ' 1440', ' -248', ' -107', ' 47', ' -2612', ' 181', ' 295']","[' -182', ' -1061', ' 79', ' 1667', ' 1003', ' 240', ' 153', ' -523', ' -238']",release3finger,False
15:44:20.213715,"['-1949', ' 195', ' 1423', ' -248', ' -107', ' 47', ' -2899', ' 174', ' 253']","[' -318', ' -1145', ' 137', ' 1698', ' 1000', ' 232', ' 159', ' -583', ' -281']",release3finger,False
15:44:20.217704,"['-1975', ' 258', ' 1385', ' -248', ' -107', ' 47', ' -2530', ' 11', ' 310']","[' -306', ' -1328', ' 138', ' 1644', ' 970', ' 225', ' 162', ' -667', ' -328']",release3finger,False
15:44:20.221694,"['-1957', ' 223', ' 1319', ' -244', ' -174', ' 66', ' -2650', ' 203', ' 344']","[' -373', ' -1414', ' 159', ' 1833', ' 943', ' 278', ' 135', ' -739', ' -350']",release3finger,False
15:44:20.225683,"['-1976', ' 183', ' 1322', ' -244', ' -174', ' 66', ' -2446', ' 167', ' 435']","[' -437', ' -1457', ' 217', ' 1689', ' 962', ' 249', ' 186', ' -731', ' -323']",release3finger,False
15:44:20.229672,"['-2058', ' 119', ' 1275', ' -244', ' -174', ' 66', ' -2531', ' 135', ' 510']","[' -380', ' -1674', ' 129', ' 1724', ' 984', ' 246', ' 237', ' -714', ' -306']",release3finger,False
15:44:20.233656,"['-1962', ' 48', ' 1287', ' -244', ' -174', ' 66', ' -2522', ' 47', ' 466']","[' -347', ' -1734', ' 136', ' 1704', ' 1027', ' 308', ' 247', ' -791', ' -410']",release3finger,False
15:44:20.237646,"['-1936', ' 179', ' 1435', ' -244', ' -174', ' 66', ' -2621', ' -13', ' 491']","[' -295', ' -1886', ' 147', ' 1550', ' 763', ' 146', ' 255', ' -1114', ' -608']",release3finger,False
15:44:20.241635,"['-1732', ' 206', ' 1527', ' -244', ' -174', ' 66', ' -2348', ' 235', ' 556']","[' -247', ' -1997', ' 136', ' 1679', ' 967', ' 332', ' 290', ' -1176', ' -661']",release3finger,False
15:44:20.245625,"['-2023', ' 2', ' 1520', ' -244', ' -174', ' 66', ' -2283', ' 110', ' 457']","[' -369', ' -1933', ' 254', ' 1738', ' 966', ' 263', ' 261', ' -1034', ' -493']",release3finger,False
15:44:20.248616,"['-1941', ' 91', ' 1543', ' -244', ' -174', ' 66', ' -2475', ' 26', ' 428']","[' -364', ' -1890', ' 300', ' 1722', ' 970', ' 226', ' 306', ' -999', ' -428']",release3finger,False
15:44:20.252610,"['-1883', ' -25', ' 1559', ' -244', ' -174', ' 66', ' -2498', ' 131', ' 460']","[' -340', ' -1972', ' 304', ' 1640', ' 990', ' 234', ' 326', ' -1058', ' -502']",release3finger,False
15:44:20.256600,"['-1967', ' 72', ' 1574', ' -244', ' -174', ' 66', ' -2532', ' 234', ' 375']","[' -261', ' -2243', ' 252', ' 1691', ' 989', ' 203', ' 365', ' -1308', ' -686']",release3finger,False
15:44:20.260589,"['-1981', ' -63', ' 1493', ' -275', ' -439', ' 117', ' -2528', ' 341', ' 456']","[' -206', ' -2383', ' 246', ' 1761', ' 1050', ' 238', ' 393', ' -1417', ' -786']",release3finger,False
15:44:20.264579,"['-2001', ' 137', ' 1466', ' -275', ' -439', ' 117', ' -2740', ' 155', ' 381']","[' -319', ' -2297', ' 383', ' 1718', ' 983', ' 119', ' 385', ' -1408', ' -743']",release3finger,False
15:44:20.268568,"['-2104', ' 172', ' 1404', ' -275', ' -439', ' 117', ' -2564', ' 152', ' 360']","[' -360', ' -2473', ' 400', ' 1785', ' 1010', ' 94', ' 404', ' -1400', ' -726']",release3finger,False
15:44:20.272558,"['-2008', ' 294', ' 1401', ' -275', ' -439', ' 117', ' -2507', ' 137', ' 404']","[' -357', ' -2585', ' 415', ' 1735', ' 1027', ' 63', ' 400', ' -1442', ' -747']",release3finger,False
15:44:20.276543,"['-2007', ' 255', ' 1362', ' -275', ' -439', ' 117', ' -2435', ' 156', ' 465']","[' -374', ' -2731', ' 401', ' 1740', ' 1069', ' 118', ' 443', ' -1482', ' -808']",release3finger,False
15:44:20.280549,"['-1943', ' 277', ' 1360', ' -275', ' -439', ' 117', ' -2171', ' 146', ' 576']","[' -372', ' -2764', ' 425', ' 1702', ' 1048', ' 93', ' 451', ' -1524', ' -846']",release3finger,False
15:44:20.284531,"['-1888', ' 306', ' 1364', ' -275', ' -439', ' 117', ' -2158', ' 79', ' 643']","[' -375', ' -2831', ' 403', ' 1667', ' 1077', ' 117', ' 485', ' -1538', ' -870']",release3finger,False
15:44:20.287523,"['-1812', ' 282', ' 1379', ' -275', ' -439', ' 117', ' -2030', ' 3', ' 676']","[' -358', ' -2874', ' 384', ' 1665', ' 1111', ' 90', ' 524', ' -1587', ' -895']",release3finger,False
15:44:20.291512,"['-1662', ' 240', ' 1441', ' -275', ' -439', ' 117', ' -1952', ' 28', ' 767']","[' -328', ' -2844', ' 400', ' 1657', ' 1123', ' 12', ' 531', ' -1617', ' -937']",release3finger,False
15:44:20.295501,"['-1542', ' 141', ' 1495', ' -275', ' -439', ' 117', ' -1901', ' 2', ' 814']","[' -294', ' -2832', ' 415', ' 1644', ' 1139', ' -36', ' 539', ' -1608', ' -934']",release3finger,False
15:44:20.300010,"['-1344', ' 150', ' 1559', ' -275', ' -439', ' 117', ' -1803', ' 43', ' 843']","[' -227', ' -2840', ' 398', ' 1647', ' 1176', ' -61', ' 539', ' -1603', ' -922']",release3finger,False
15:44:20.303997,"['-1210', ' 174', ' 1627', ' -194', ' -920', ' 204', ' -1765', ' 98', ' 828']","[' -165', ' -2832', ' 376', ' 1629', ' 1148', ' -95', ' 511', ' -1592', ' -921']",release3finger,False
15:44:20.306991,"['-1104', ' 206', ' 1606', ' -194', ' -920', ' 204', ' -1669', ' 136', ' 815']","[' -156', ' -2811', ' 368', ' 1605', ' 1168', ' -112', ' 525', ' -1614', ' -937']",release3finger,False
15:44:20.310980,"['-1014', ' 215', ' 1598', ' -194', ' -920', ' 204', ' -1578', ' 178', ' 812']","[' -131', ' -2777', ' 360', ' 1619', ' 1236', ' -157', ' 544', ' -1618', ' -942']",release3finger,False
15:44:20.314968,"['-962', ' 263', ' 1563', ' -194', ' -920', ' 204', ' -1543', ' 237', ' 823']","[' -106', ' -2734', ' 342', ' 1677', ' 1246', ' -168', ' 537', ' -1580', ' -915']",release3finger,False
15:44:20.318959,"['-962', ' 369', ' 1517', ' -194', ' -920', ' 204', ' -1474', ' 307', ' 836']","[' -99', ' -2670', ' 356', ' 1656', ' 1216', ' -182', ' 521', ' -1505', ' -879']",release3finger,False
15:44:20.322948,"['-961', ' 454', ' 1470', ' -194', ' -920', ' 204', ' -1430', ' 361', ' 855']","[' -106', ' -2571', ' 393', ' 1666', ' 1268', ' -247', ' 532', ' -1447', ' -855']",release3finger,False
15:44:20.326937,"['-979', ' 523', ' 1448', ' -194', ' -920', ' 204', ' -1356', ' 382', ' 876']","[' -131', ' -2471', ' 416', ' 1621', ' 1034', ' -364', ' 497', ' -1450', ' -840']",release3finger,False
15:44:20.330927,"['-1037', ' 554', ' 1381', ' -194', ' -920', ' 204', ' -1243', ' 491', ' 932']","[' -167', ' -2400', ' 399', ' 1771', ' 1268', ' -264', ' 488', ' -1188', ' -733']",release3finger,False
15:44:20.334915,"['-1067', ' 543', ' 1384', ' -194', ' -920', ' 204', ' -1129', ' 378', ' 986']","[' -169', ' -2299', ' 396', ' 1508', ' 1184', ' -278', ' 519', ' -1263', ' -788']",release3finger,False
15:44:20.338905,"['-1467', ' 527', ' 1545', ' -194', ' -920', ' 204', ' -756', ' 436', ' 1003']","[' -94', ' -2140', ' 246', ' 1584', ' 1237', ' -249', ' 519', ' -1139', ' -740']",release3finger,False
15:44:20.342894,"['-1413', ' 656', ' 1575', ' -7', ' -1496', ' 335', ' -1112', ' 393', ' 840']","[' -124', ' -2066', ' 298', ' 1618', ' 1240', ' -237', ' 503', ' -1016', ' -664']",release3finger,False
15:44:20.345924,"['-650', ' 526', ' 1339', ' -7', ' -1496', ' 335', ' -1404', ' 537', ' 953']","[' -176', ' -1775', ' 375', ' 1467', ' 1216', ' -266', ' 507', ' -969', ' -654']",release3finger,False
15:44:20.349920,"['-407', ' 536', ' 1421', ' -7', ' -1496', ' 335', ' -1537', ' 430', ' 953']","[' -210', ' -1687', ' 441', ' 1624', ' 1223', ' -374', ' 512', ' -932', ' -628']",release3finger,False
15:44:20.353908,"['-500', ' 602', ' 1437', ' -7', ' -1496', ' 335', ' -1150', ' 368', ' 1038']","[' -226', ' -1724', ' 392', ' 1443', ' 1266', ' -333', ' 516', ' -913', ' -663']",release3finger,False
15:44:20.357897,"['-876', ' 654', ' 1512', ' -7', ' -1496', ' 335', ' -1031', ' 442', ' 1090']","[' -232', ' -1760', ' 259', ' 1406', ' 1234', ' -310', ' 495', ' -922', ' -648']",release3finger,False
15:44:20.362092,"['-778', ' 599', ' 1447', ' -7', ' -1496', ' 335', ' -1256', ' 454', ' 1064']","[' -198', ' -1786', ' 146', ' 1419', ' 1250', ' -305', ' 501', ' -835', ' -602']",release3finger,False
15:44:20.366084,"['-588', ' 600', ' 1434', ' -7', ' -1496', ' 335', ' -1373', ' 390', ' 1053']","[' -198', ' -1765', ' 138', ' 1426', ' 1235', ' -316', ' 500', ' -802', ' -551']",release3finger,False
15:44:20.370073,"['-653', ' 611', ' 1449', ' -7', ' -1496', ' 335', ' -1263', ' 348', ' 1123']","[' -230', ' -1652', ' 225', ' 1461', ' 1319', ' -317', ' 520', ' -746', ' -529']",release3finger,False
15:44:20.374096,"['-566', ' 550', ' 1389', ' -7', ' -1496', ' 335', ' -1249', ' 312', ' 1244']","[' -263', ' -1458', ' 321', ' 1478', ' 1264', ' -358', ' 489', ' -644', ' -461']",release3finger,False
15:44:20.377150,"['-547', ' 453', ' 1467', ' -7', ' -1496', ' 335', ' -1282', ' 216', ' 1264']","[' -254', ' -1352', ' 360', ' 1424', ' 1256', ' -315', ' 479', ' -583', ' -426']",release3finger,False
15:44:20.381119,"['-448', ' 618', ' 1585', ' 151', ' -1833', ' 464', ' -1128', ' 302', ' 1345']","[' -190', ' -1381', ' 286', ' 1394', ' 1207', ' -292', ' 465', ' -603', ' -444']",release3finger,False
15:44:20.385073,"['-815', ' 547', ' 1670', ' 151', ' -1833', ' 464', ' -1038', ' 279', ' 1310']","[' -144', ' -1450', ' 176', ' 1230', ' 1237', ' -284', ' 513', ' -607', ' -451']",release3finger,False
15:44:21.280744,"['234', ' 444', ' 2002', ' -121', ' 38', ' 35', ' -585', ' 322', ' 1945']","[' -84', ' 18', ' -1', ' 970', ' 1307', ' -1151', ' 14', ' 44', ' -14']",release3finger,False
15:44:21.284904,"['262', ' 445', ' 2013', ' -121', ' 38', ' 35', ' -580', ' 322', ' 1950']","[' -110', ' 45', ' -3', ' 968', ' 1302', ' -1142', ' 21', ' 55', ' -18']",release3finger,False
15:44:21.288895,"['256', ' 450', ' 2016', ' -121', ' 38', ' 35', ' -538', ' 317', ' 1969']","[' -112', ' 42', ' -7', ' 990', ' 1306', ' -1144', ' 26', ' 57', ' -13']",release3finger,False
15:44:21.291922,"['260', ' 449', ' 2004', ' -121', ' 38', ' 35', ' -572', ' 358', ' 1934']","[' -126', ' 67', ' 10', ' 971', ' 1316', ' -1141', ' 14', ' 69', ' -14']",release3finger,False
15:44:21.295945,"['237', ' 434', ' 2022', ' -121', ' 38', ' 35', ' -528', ' 353', ' 1929']","[' -143', ' 96', ' 8', ' 941', ' 1297', ' -1137', ' 25', ' 89', ' -3']",release3finger,False
15:44:21.299934,"['242', ' 448', ' 2016', ' -121', ' 38', ' 35', ' -550', ' 381', ' 1899']","[' -192', ' 115', ' -6', ' 931', ' 1314', ' -1122', ' 25', ' 117', ' 6']",release3finger,False
15:44:21.304128,"['236', ' 459', ' 1999', ' -135', ' 46', ' 49', ' -612', ' 371', ' 1901']","[' -235', ' 100', ' -26', ' 867', ' 1297', ' -1142', ' 23', ' 97', ' -8']",release3finger,False
15:44:21.308117,"['225', ' 466', ' 1992', ' -135', ' 46', ' 49', ' -604', ' 347', ' 1917']","[' -239', ' 82', ' -42', ' 873', ' 1313', ' -1152', ' 21', ' 53', ' -18']",release3finger,False
15:44:21.311114,"['205', ' 473', ' 1983', ' -135', ' 46', ' 49', ' -598', ' 334', ' 1915']","[' -230', ' 105', ' -34', ' 892', ' 1317', ' -1148', ' 28', ' 54', ' -2']",release3finger,False
15:44:21.315099,"['174', ' 480', ' 1961', ' -135', ' 46', ' 49', ' -592', ' 354', ' 1916']","[' -239', ' 112', ' -54', ' 882', ' 1303', ' -1140', ' 24', ' 59', ' 12']",release3finger,False
15:44:21.319092,"['142', ' 485', ' 1962', ' -135', ' 46', ' 49', ' -611', ' 360', ' 1916']","[' -284', ' 117', ' -61', ' 900', ' 1304', ' -1135', ' 14', ' 53', ' 19']",release3finger,False
15:44:21.323082,"['120', ' 459', ' 1991', ' -135', ' 46', ' 49', ' -659', ' 340', ' 1918']","[' -317', ' 120', ' -63', ' 892', ' 1305', ' -1153', ' 16', ' 22', ' 10']",release3finger,False
15:44:21.327066,"['149', ' 424', ' 2004', ' -135', ' 46', ' 49', ' -689', ' 300', ' 1945']","[' -336', ' 105', ' -89', ' 868', ' 1303', ' -1144', ' 26', ' 14', ' -12']",fists,True
15:44:21.331056,"['141', ' 405', ' 2040', ' -135', ' 46', ' 49', ' -683', ' 274', ' 1968']","[' -345', ' 80', ' -103', ' 869', ' 1311', ' -1148', ' 3', ' -18', ' -16']",fists,True
15:44:21.334049,"['159', ' 399', ' 2018', ' -135', ' 46', ' 49', ' -579', ' 229', ' 1977']","[' -367', ' 22', ' -149', ' 884', ' 1317', ' -1147', ' 10', ' -33', ' -8']",fists,True
15:44:21.338043,"['179', ' 381', ' 2053', ' -135', ' 46', ' 49', ' -687', ' 242', ' 1998']","[' -365', ' 47', ' -125', ' 921', ' 1318', ' -1174', ' -4', ' -33', ' -5']",fists,True
15:44:21.342031,"['159', ' 396', ' 2040', ' -135', ' 46', ' 49', ' -616', ' 208', ' 2024']","[' -361', ' 40', ' -133', ' 940', ' 1323', ' -1187', ' -12', ' -23', ' -3']",fists,True
15:44:21.346016,"['93', ' 389', ' 2040', ' -117', ' 55', ' 38', ' -627', ' 191', ' 2017']","[' -349', ' 28', ' -138', ' 976', ' 1339', ' -1236', ' -17', ' -38', ' -5']",fists,True
15:44:21.350005,"['86', ' 384', ' 2045', ' -117', ' 55', ' 38', ' -619', ' 179', ' 2016']","[' -335', ' 31', ' -137', ' 997', ' 1346', ' -1240', ' -37', ' -29', ' -4']",fists,True
15:44:21.353995,"['25', ' 386', ' 2023', ' -117', ' 55', ' 38', ' -603', ' 214', ' 2001']","[' -336', ' 39', ' -121', ' 1009', ' 1373', ' -1249', ' -58', ' -2', ' -14']",fists,True
15:44:21.357983,"['9', ' 389', ' 2040', ' -117', ' 55', ' 38', ' -642', ' 239', ' 1990']","[' -331', ' 65', ' -109', ' 993', ' 1345', ' -1222', ' -86', ' 25', ' 0']",fists,True
15:44:21.361973,"['77', ' 391', ' 2028', ' -117', ' 55', ' 38', ' -658', ' 268', ' 1952']","[' -340', ' 66', ' -103', ' 993', ' 1346', ' -1219', ' -105', ' 52', ' 1']",fists,True
15:44:21.365963,"['154', ' 394', ' 2052', ' -117', ' 55', ' 38', ' -644', ' 293', ' 1938']","[' -362', ' 51', ' -104', ' 999', ' 1340', ' -1197', ' -129', ' 68', ' 5']",fists,True
15:44:21.369953,"['195', ' 413', ' 2043', ' -117', ' 55', ' 38', ' -653', ' 263', ' 1933']","[' -401', ' 72', ' -106', ' 991', ' 1320', ' -1154', ' -124', ' 58', ' -3']",fists,True
15:44:21.372944,"['224', ' 429', ' 2057', ' -117', ' 55', ' 38', ' -620', ' 154', ' 1896']","[' -418', ' 53', ' -103', ' 982', ' 1292', ' -1139', ' -124', ' 66', ' -24']",fists,True
15:44:21.376934,"['270', ' 359', ' 2050', ' -117', ' 55', ' 38', ' -809', ' 144', ' 1960']","[' -414', ' 61', ' -101', ' 1002', ' 1334', ' -1119', ' -113', ' 45', ' -56']",fists,True
15:44:21.380928,"['142', ' 380', ' 2020', ' -117', ' 55', ' 38', ' -623', ' 186', ' 2009']","[' -390', ' 3', ' -110', ' 965', ' 1320', ' -1170', ' -108', ' 53', ' -59']",fists,True
15:44:21.384913,"['94', ' 380', ' 2000', ' -141', ' 61', ' -6', ' -706', ' 182', ' 2037']","[' -353', ' 1', ' -94', ' 913', ' 1310', ' -1176', ' -108', ' 38', ' -69']",fists,True
15:44:21.388905,"['64', ' 387', ' 2001', ' -141', ' 61', ' -6', ' -672', ' 158', ' 2053']","[' -320', ' -21', ' -87', ' 939', ' 1357', ' -1202', ' -114', ' 30', ' -57']",fists,True
15:44:21.392898,"['74', ' 388', ' 2020', ' -141', ' 61', ' -6', ' -645', ' 165', ' 2038']","[' -312', ' 0', ' -88', ' 984', ' 1330', ' -1190', ' -121', ' 34', ' -54']",fists,True
15:44:21.396883,"['126', ' 377', ' 2048', ' -141', ' 61', ' -6', ' -657', ' 155', ' 1990']","[' -304', ' -18', ' -86', ' 970', ' 1344', ' -1189', ' -117', ' 45', ' -53']",fists,True
15:44:21.399876,"['167', ' 352', ' 2064', ' -141', ' 61', ' -6', ' -646', ' 192', ' 1978']","[' -294', ' 21', ' -65', ' 968', ' 1339', ' -1182', ' -146', ' 37', ' -63']",fists,True
15:44:21.404224,"['185', ' 334', ' 2067', ' -141', ' 61', ' -6', ' -663', ' 208', ' 1962']","[' -302', ' 9', ' -60', ' 973', ' 1365', ' -1215', ' -162', ' 28', ' -72']",fists,True
15:44:21.408213,"['180', ' 319', ' 2070', ' -141', ' 61', ' -6', ' -663', ' 208', ' 1969']","[' -296', ' 29', ' -56', ' 992', ' 1341', ' -1189', ' -188', ' 34', ' -65']",fists,True
15:44:21.412197,"['168', ' 343', ' 2074', ' -141', ' 61', ' -6', ' -666', ' 196', ' 1967']","[' -312', ' 9', ' -53', ' 1003', ' 1300', ' -1144', ' -187', ' 54', ' -73']",fists,True
15:44:21.416187,"['170', ' 355', ' 2051', ' -141', ' 61', ' -6', ' -662', ' 220', ' 1956']","[' -325', ' -2', ' -46', ' 1015', ' 1308', ' -1134', ' -173', ' 52', ' -69']",fists,True
15:44:21.420176,"['166', ' 352', ' 2043', ' -141', ' 61', ' -6', ' -644', ' 203', ' 1978']","[' -342', ' -2', ' -56', ' 1011', ' 1309', ' -1149', ' -170', ' 60', ' -83']",fists,True
15:44:21.424165,"['168', ' 361', ' 2040', ' -221', ' 36', ' -39', ' -625', ' 182', ' 1982']","[' -347', ' 8', ' -45', ' 989', ' 1343', ' -1161', ' -180', ' 74', ' -97']",fists,True
15:44:21.428156,"['165', ' 371', ' 2009', ' -221', ' 36', ' -39', ' -631', ' 194', ' 1988']","[' -361', ' 29', ' -37', ' 970', ' 1343', ' -1189', ' -197', ' 76', ' -86']",fists,True
15:44:21.431147,"['141', ' 372', ' 2016', ' -221', ' 36', ' -39', ' -649', ' 180', ' 1977']","[' -369', ' 48', ' -26', ' 949', ' 1347', ' -1165', ' -209', ' 86', ' -87']",fists,True
15:44:21.435141,"['157', ' 360', ' 2009', ' -221', ' 36', ' -39', ' -650', ' 216', ' 1954']","[' -388', ' 57', ' -36', ' 943', ' 1338', ' -1157', ' -229', ' 89', ' -72']",fists,True
15:44:21.439131,"['136', ' 368', ' 2006', ' -221', ' 36', ' -39', ' -678', ' 201', ' 1938']","[' -409', ' 52', ' -42', ' 935', ' 1362', ' -1149', ' -237', ' 76', ' -68']",fists,True
15:44:21.443185,"['125', ' 347', ' 2005', ' -221', ' 36', ' -39', ' -696', ' 153', ' 1981']","[' -426', ' 44', ' -46', ' 936', ' 1337', ' -1138', ' -248', ' 60', ' -61']",fists,True
15:44:21.447174,"['140', ' 334', ' 2013', ' -221', ' 36', ' -39', ' -700', ' 156', ' 2001']","[' -443', ' 21', ' -59', ' 952', ' 1349', ' -1138', ' -259', ' 45', ' -66']",fists,True
15:44:21.451165,"['129', ' 282', ' 2026', ' -221', ' 36', ' -39', ' -681', ' 139', ' 1985']","[' -461', ' 6', ' -66', ' 983', ' 1339', ' -1133', ' -267', ' 32', ' -77']",fists,True
15:44:21.455148,"['132', ' 291', ' 2003', ' -221', ' 36', ' -39', ' -689', ' 121', ' 1984']","[' -477', ' -13', ' -86', ' 999', ' 1340', ' -1106', ' -263', ' 12', ' -89']",fists,True
15:44:21.459137,"['141', ' 289', ' 1995', ' -221', ' 36', ' -39', ' -678', ' 122', ' 1988']","[' -502', ' -15', ' -107', ' 1038', ' 1336', ' -1122', ' -277', ' -20', ' -114']",fists,True
15:44:21.463127,"['166', ' 282', ' 2033', ' -221', ' 36', ' -39', ' -668', ' 112', ' 1980']","[' -513', ' -38', ' -115', ' 1093', ' 1336', ' -1128', ' -277', ' -27', ' -148']",fists,True
15:44:21.467116,"['173', ' 211', ' 2066', ' -294', ' 5', ' -28', ' -648', ' 117', ' 2000']","[' -534', ' -31', ' -121', ' 1156', ' 1318', ' -1143', ' -281', ' -14', ' -175']",fists,True
15:44:21.470113,"['208', ' 212', ' 2108', ' -294', ' 5', ' -28', ' -664', ' 109', ' 2010']","[' -548', ' -4', ' -110', ' 1079', ' 1345', ' -1105', ' -285', ' -26', ' -238']",fists,True
15:44:21.474102,"['203', ' 253', ' 2103', ' -294', ' 5', ' -28', ' -674', ' 99', ' 1992']","[' -555', ' 6', ' -105', ' 1042', ' 1379', ' -1107', ' -284', ' 5', ' -247']",fists,True
15:44:21.478092,"['181', ' 216', ' 2105', ' -294', ' 5', ' -28', ' -696', ' 103', ' 2000']","[' -550', ' -6', ' -103', ' 1026', ' 1380', ' -1134', ' -279', ' -18', ' -261']",fists,False
15:44:21.482081,"['148', ' 224', ' 2082', ' -294', ' 5', ' -28', ' -656', ' 115', ' 2003']","[' -582', ' -9', ' -125', ' 966', ' 1401', ' -1167', ' -284', ' -9', ' -250']",fists,False
15:44:21.486420,"['113', ' 249', ' 2043', ' -294', ' 5', ' -28', ' -675', ' 155', ' 1966']","[' -609', ' -9', ' -119', ' 945', ' 1394', ' -1197', ' -320', ' -22', ' -245']",fists,False
15:44:21.490087,"['83', ' 292', ' 1993', ' -294', ' 5', ' -28', ' -698', ' 170', ' 1926']","[' -646', ' -5', ' -112', ' 969', ' 1420', ' -1205', ' -347', ' -10', ' -223']",fists,False
15:44:21.494076,"['86', ' 323', ' 1944', ' -294', ' 5', ' -28', ' -724', ' 175', ' 1883']","[' -698', ' -21', ' -103', ' 950', ' 1414', ' -1180', ' -369', ' -6', ' -216']",fists,False
15:44:21.498067,"['62', ' 341', ' 1932', ' -294', ' 5', ' -28', ' -691', ' 176', ' 1886']","[' -747', ' -57', ' -135', ' 922', ' 1412', ' -1205', ' -384', ' -7', ' -198']",fists,False
15:44:21.502173,"['125', ' 285', ' 1975', ' -294', ' 5', ' -28', ' -694', ' 153', ' 1921']","[' -817', ' -100', ' -173', ' 912', ' 1415', ' -1187', ' -406', ' -12', ' -197']",fists,False
15:44:21.505165,"['138', ' 283', ' 1997', ' -380', ' 3', ' -27', ' -666', ' 131', ' 1929']","[' -840', ' -135', ' -215', ' 898', ' 1423', ' -1167', ' -425', ' -18', ' -194']",fists,False
15:44:21.509155,"['175', ' 267', ' 2034', ' -380', ' 3', ' -27', ' -661', ' 108', ' 1952']","[' -858', ' -202', ' -237', ' 939', ' 1402', ' -1161', ' -455', ' -19', ' -201']",fists,False
15:44:21.513145,"['184', ' 280', ' 2078', ' -380', ' 3', ' -27', ' -632', ' 107', ' 1940']","[' -882', ' -212', ' -256', ' 940', ' 1385', ' -1119', ' -460', ' -44', ' -177']",fists,False
15:44:21.517134,"['154', ' 199', ' 2042', ' -380', ' 3', ' -27', ' -648', ' 126', ' 1913']","[' -926', ' -230', ' -279', ' 942', ' 1407', ' -1133', ' -496', ' -64', ' -184']",fists,False
15:44:21.521123,"['162', ' 177', ' 2074', ' -380', ' 3', ' -27', ' -637', ' 145', ' 1864']","[' -989', ' -270', ' -308', ' 932', ' 1397', ' -1151', ' -504', ' -65', ' -192']",fists,False
15:44:21.525112,"['59', ' 205', ' 1997', ' -380', ' 3', ' -27', ' -631', ' 153', ' 1833']","[' -1068', ' -323', ' -343', ' 904', ' 1436', ' -1166', ' -523', ' -77', ' -203']",fists,False
15:44:21.529102,"['50', ' 255', ' 2006', ' -380', ' 3', ' -27', ' -626', ' 111', ' 1849']","[' -1135', ' -353', ' -392', ' 954', ' 1440', ' -1195', ' -535', ' -76', ' -173']",fists,False
15:44:21.533092,"['56', ' 256', ' 1999', ' -380', ' 3', ' -27', ' -609', ' 70', ' 1915']","[' -1153', ' -434', ' -424', ' 965', ' 1462', ' -1177', ' -579', ' -41', ' -174']",fists,False
15:44:21.537080,"['74', ' 198', ' 1952', ' -380', ' 3', ' -27', ' -608', ' 27', ' 1964']","[' -1162', ' -451', ' -443', ' 970', ' 1460', ' -1177', ' -629', ' -29', ' -171']",fists,False
15:44:21.541069,"['153', ' 217', ' 1982', ' -380', ' 3', ' -27', ' -588', ' -4', ' 1997']","[' -1182', ' -474', ' -460', ' 939', ' 1413', ' -1139', ' -659', ' -27', ' -145']",fists,False
15:44:21.545058,"['202', ' 192', ' 1998', ' -511', ' -7', ' -77', ' -597', ' -50', ' 2005']","[' -1185', ' -461', ' -454', ' 957', ' 1407', ' -1089', ' -666', ' -27', ' -138']",fists,False
15:44:21.549047,"['179', ' 205', ' 1992', ' -511', ' -7', ' -77', ' -607', ' -49', ' 2022']","[' -1173', ' -463', ' -465', ' 969', ' 1408', ' -1066', ' -661', ' -26', ' -126']",fists,False
15:44:21.552047,"['231', ' 103', ' 2026', ' -511', ' -7', ' -77', ' -607', ' -101', ' 2010']","[' -1184', ' -474', ' -471', ' 979', ' 1379', ' -1061', ' -665', ' -40', ' -157']",fists,False
15:44:21.556034,"['210', ' 118', ' 2049', ' -511', ' -7', ' -77', ' -610', ' -117', ' 2045']","[' -1162', ' -490', ' -478', ' 1020', ' 1379', ' -1075', ' -638', ' -47', ' -204']",fists,False
15:44:21.560023,"['159', ' 79', ' 2103', ' -511', ' -7', ' -77', ' -647', ' -94', ' 2105']","[' -1140', ' -531', ' -509', ' 1027', ' 1427', ' -1060', ' -614', ' -42', ' -247']",fists,False
15:44:21.564012,"['130', ' 48', ' 2167', ' -511', ' -7', ' -77', ' -650', ' -219', ' 2074']","[' -1098', ' -545', ' -490', ' 984', ' 1399', ' -1100', ' -613', ' -31', ' -266']",fists,False
15:44:21.568002,"['94', ' 26', ' 2188', ' -511', ' -7', ' -77', ' -594', ' -196', ' 2094']","[' -1025', ' -571', ' -483', ' 975', ' 1451', ' -1065', ' -622', ' -33', ' -274']",fists,False
15:44:21.571991,"['68', ' -33', ' 2222', ' -511', ' -7', ' -77', ' -595', ' -132', ' 2067']","[' -975', ' -583', ' -475', ' 949', ' 1407', ' -1071', ' -637', ' -17', ' -286']",fists,False
15:44:21.575980,"['115', ' -20', ' 2208', ' -511', ' -7', ' -77', ' -426', ' -318', ' 2043']","[' -913', ' -639', ' -450', ' 940', ' 1450', ' -1083', ' -633', ' -40', ' -305']",fists,False
15:44:21.579969,"['137', ' 5', ' 2175', ' -511', ' -7', ' -77', ' -531', ' -261', ' 1990']","[' -897', ' -598', ' -437', ' 949', ' 1470', ' -1111', ' -644', ' -26', ' -310']",fists,False
15:44:21.583954,"['113', ' 33', ' 2142', ' -511', ' -7', ' -77', ' -653', ' -108', ' 1967']","[' -801', ' -508', ' -407', ' 917', ' 1456', ' -1100', ' -671', ' -41', ' -323']",fists,False
15:44:21.587950,"['106', ' 31', ' 2073', ' -636', ' -7', ' -131', ' -601', ' -60', ' 1976']","[' -788', ' -595', ' -426', ' 980', ' 1467', ' -1052', ' -687', ' -48', ' -320']",fists,False
15:44:21.591940,"['115', ' 90', ' 2030', ' -636', ' -7', ' -131', ' -569', ' -38', ' 1956']","[' -807', ' -539', ' -417', ' 950', ' 1422', ' -1032', ' -696', ' -41', ' -330']",fists,False
15:44:21.595931,"['134', ' 142', ' 1965', ' -636', ' -7', ' -131', ' -641', ' -47', ' 1922']","[' -806', ' -595', ' -427', ' 965', ' 1425', ' -994', ' -679', ' -55', ' -353']",fists,False
15:44:21.598916,"['93', ' 176', ' 1908', ' -636', ' -7', ' -131', ' -622', ' -105', ' 1892']","[' -833', ' -539', ' -435', ' 946', ' 1420', ' -953', ' -667', ' -45', ' -358']",fists,False
15:44:21.603422,"['54', ' 84', ' 1875', ' -636', ' -7', ' -131', ' -610', ' -123', ' 1817']","[' -877', ' -563', ' -431', ' 1042', ' 1401', ' -964', ' -616', ' 12', ' -341']",fists,False
15:44:21.607411,"['95', ' 48', ' 1854', ' -636', ' -7', ' -131', ' -417', ' -30', ' 1789']","[' -991', ' -526', ' -431', ' 1005', ' 1452', ' -960', ' -596', ' 85', ' -337']",fists,False
15:44:21.611401,"['132', ' 51', ' 1838', ' -636', ' -7', ' -131', ' -589', ' -50', ' 1756']","[' -944', ' -547', ' -510', ' 889', ' 1435', ' -969', ' -589', ' -2', ' -412']",fists,False
15:44:21.615409,"['69', ' 171', ' 1860', ' -636', ' -7', ' -131', ' -703', ' -104', ' 1698']","[' -966', ' -677', ' -633', ' 911', ' 1479', ' -954', ' -597', ' -111', ' -503']",fists,False
15:44:21.619380,"['-1', ' 184', ' 1814', ' -636', ' -7', ' -131', ' -568', ' -7', ' 1702']","[' -1084', ' -815', ' -648', ' 867', ' 1494', ' -999', ' -613', ' -126', ' -494']",fists,False
15:44:21.623369,"['97', ' 68', ' 1910', ' -636', ' -7', ' -131', ' -543', ' -50', ' 1725']","[' -1233', ' -835', ' -691', ' 612', ' 1227', ' -1170', ' -670', ' -124', ' -455']",fists,False
15:44:21.627359,"['185', ' 78', ' 1990', ' -671', ' 30', ' -165', ' -507', ' -160', ' 1722']","[' -1345', ' -769', ' -651', ' 464', ' 1364', ' -1210', ' -666', ' -166', ' -513']",fists,False
15:44:21.631342,"['325', ' 54', ' 2141', ' -671', ' 30', ' -165', ' -484', ' -286', ' 1900']","[' -1282', ' -831', ' -642', ' 926', ' 2008', ' -874', ' -683', ' -201', ' -454']",fists,False
15:44:21.635332,"['140', ' -202', ' 2159', ' -671', ' 30', ' -165', ' -451', ' -445', ' 1949']","[' -1236', ' -746', ' -540', ' 740', ' 1497', ' -1050', ' -779', ' -47', ' -359']",fists,False
15:44:21.639321,"['153', ' -207', ' 2181', ' -671', ' 30', ' -165', ' -351', ' -352', ' 2059']","[' -1179', ' -513', ' -430', ' 677', ' 1416', ' -1037', ' -784', ' -197', ' -450']",fists,False
15:44:21.643310,"['-439', ' -30', ' 2424', ' -671', ' 30', ' -165', ' -468', ' -255', ' 2206']","[' -1217', ' -765', ' -526', ' 840', ' 1604', ' -924', ' -800', ' -125', ' -402']",fists,False
15:44:21.647299,"['4', ' -67', ' 2137', ' -671', ' 30', ' -165', ' -162', ' -545', ' 2186']","[' -1231', ' -887', ' -593', ' 1018', ' 1490', ' -953', ' -770', ' -143', ' -354']",fists,False
15:44:21.650297,"['-72', ' -59', ' 2272', ' -671', ' 30', ' -165', ' -227', ' -413', ' 2251']","[' -1186', ' -563', ' -540', ' 913', ' 1526', ' -955', ' -758', ' -25', ' -296']",fists,False
15:44:21.654286,"['44', ' -70', ' 2222', ' -671', ' 30', ' -165', ' -158', ' -328', ' 2179']","[' -1040', ' -508', ' -445', ' 878', ' 1532', ' -913', ' -756', ' 3', ' -325']",fists,False
15:44:21.658275,"['51', ' -295', ' 2174', ' -671', ' 30', ' -165', ' -337', ' -57', ' 2227']","[' -1039', ' -172', ' -590', ' 978', ' 1498', ' -929', ' -741', ' -17', ' -344']",fists,False
15:44:21.662265,"['-90', ' 156', ' 2287', ' -671', ' 30', ' -165', ' -286', ' -249', ' 2051']","[' -957', ' -89', ' -323', ' 921', ' 1531', ' -954', ' -733', ' 64', ' -314']",fists,False
15:44:21.666254,"['-45', ' 58', ' 2231', ' -692', ' 47', ' -204', ' -183', ' -176', ' 2071']","[' -878', ' 224', ' -248', ' 846', ' 1560', ' -924', ' -753', ' 94', ' -279']",fists,False
15:44:21.670243,"['344', ' -114', ' 2253', ' -692', ' 47', ' -204', ' -600', ' 14', ' 2101']","[' -917', ' 270', ' -258', ' 855', ' 1526', ' -887', ' -788', ' 124', ' -233']",fists,False
15:44:21.674233,"['151', ' 79', ' 2269', ' -692', ' 47', ' -204', ' -500', ' -269', ' 2027']","[' -966', ' 231', ' -194', ' 782', ' 1515', ' -864', ' -758', ' 121', ' -238']",fists,False
15:44:21.678229,"['185', ' 103', ' 2135', ' -692', ' 47', ' -204', ' -498', ' -218', ' 1877']","[' -1061', ' 98', ' -161', ' 783', ' 1536', ' -820', ' -742', ' 97', ' -260']",fists,False
15:44:21.682206,"['271', ' 79', ' 1862', ' -692', ' 47', ' -204', ' -114', ' -247', ' 1856']","[' -1114', ' 256', ' -410', ' 790', ' 1495', ' -780', ' -729', ' 111', ' -243']",fists,False
15:44:21.686205,"['-8', ' 132', ' 1837', ' -692', ' 47', ' -204', ' -405', ' -265', ' 2052']","[' -1261', ' 196', ' -469', ' 801', ' 1495', ' -800', ' -698', ' 50', ' -298']",fists,False
15:44:21.690194,"['45', ' 134', ' 1850', ' -692', ' 47', ' -204', ' -359', ' -162', ' 2121']","[' -1331', ' 56', ' -424', ' 890', ' 1456', ' -877', ' -685', ' 38', ' -319']",fists,False
15:44:21.693187,"['65', ' 11', ' 2112', ' -692', ' 47', ' -204', ' -479', ' -326', ' 2115']","[' -1345', ' 109', ' -444', ' 782', ' 1509', ' -836', ' -666', ' 36', ' -341']",fists,False
15:44:21.697181,"['107', ' 32', ' 2157', ' -692', ' 47', ' -204', ' -478', ' -360', ' 2128']","[' -1333', ' 35', ' -372', ' 850', ' 1509', ' -815', ' -608', ' 77', ' -324']",fists,False
15:44:21.701677,"['51', ' -5', ' 2119', ' -692', ' 47', ' -204', ' -488', ' -262', ' 2081']","[' -1228', ' 126', ' -305', ' 819', ' 1588', ' -794', ' -620', ' 123', ' -299']",fists,False
15:44:21.705666,"['57', ' -57', ' 2123', ' -879', ' 39', ' -209', ' -567', ' -463', ' 2043']","[' -1287', ' 53', ' -207', ' 790', ' 1500', ' -764', ' -591', ' 160', ' -274']",fists,False
15:44:21.709656,"['-181', ' 218', ' 2345', ' -879', ' 39', ' -209', ' -673', ' -145', ' 1973']","[' -1454', ' 540', ' 54', ' 779', ' 1500', ' -816', ' -551', ' 157', ' -258']",fists,False
15:44:21.712648,"['1081', ' -822', ' 2207', ' -879', ' 39', ' -209', ' -1305', ' -386', ' 1894']","[' -1914', ' -966', ' 305', ' 818', ' 1558', ' -799', ' -499', ' 142', ' -243']",fists,False
15:44:21.716642,"['1140', ' -415', ' 2302', ' -879', ' 39', ' -209', ' 580', ' -250', ' 2356']","[' -1607', ' -1266', ' -296', ' 856', ' 1539', ' -802', ' -490', ' 269', ' -197']",fists,False
15:44:21.720630,"['-406', ' -28', ' 1962', ' -879', ' 39', ' -209', ' -515', ' 88', ' 2075']","[' -1169', ' -278', ' -577', ' 771', ' 1515', ' -816', ' -436', ' 333', ' -156']",fists,False
15:44:21.724620,"['-533', ' -184', ' 2040', ' -879', ' 39', ' -209', ' -397', ' -326', ' 2078']","[' -1390', ' 175', ' -167', ' 826', ' 1657', ' -798', ' -564', ' 182', ' -169']",fists,False
15:44:21.728609,"['239', ' -321', ' 2245', ' -879', ' 39', ' -209', ' -725', ' -175', ' 1896']","[' -1572', ' 265', ' -196', ' 854', ' 1524', ' -788', ' -677', ' 214', ' -160']",fists,False
15:44:21.732598,"['-14', ' 42', ' 2196', ' -879', ' 39', ' -209', ' -15', ' -668', ' 1948']","[' -1488', ' 223', ' 65', ' 630', ' 1399', ' -761', ' -472', ' 183', ' -280']",fists,False
15:44:21.736588,"['-107', ' -205', ' 2087', ' -879', ' 39', ' -209', ' -281', ' -447', ' 2167']","[' -1164', ' 608', ' 191', ' 630', ' 1589', ' -749', ' -402', ' 38', ' -337']",fists,False
15:44:21.740578,"['134', ' -491', ' 2167', ' -879', ' 39', ' -209', ' -749', ' -286', ' 2160']","[' -1260', ' 615', ' 72', ' 799', ' 1686', ' -812', ' -537', ' 220', ' -69']",fists,False
15:44:21.744581,"['283', ' -215', ' 2239', ' -879', ' 39', ' -209', ' -741', ' -547', ' 1997']","[' -1339', ' 189', ' -44', ' 684', ' 1529', ' -789', ' -536', ' 423', ' 69']",fists,False
15:44:21.748552,"['-110', ' -275', ' 2633', ' -1218', ' 1', ' -118', ' -966', ' -809', ' 1984']","[' -1387', ' -543', ' -54', ' 600', ' 1553', ' -764', ' -459', ' 232', ' -94']",fists,False
15:44:21.752541,"['108', ' -133', ' 2136', ' -1218', ' 1', ' -118', ' -462', ' -441', ' 2073']","[' -1206', ' -120', ' -306', ' 584', ' 1638', ' -814', ' -472', ' 6', ' -186']",fists,False
15:44:21.756530,"['-192', ' -295', ' 1815', ' -1218', ' 1', ' -118', ' -197', ' -415', ' 2013']","[' -1243', ' 137', ' -342', ' 764', ' 1664', ' -813', ' -487', ' 5', ' -120']",fists,False
15:44:21.759522,"['-25', ' -256', ' 1920', ' -1218', ' 1', ' -118', ' -229', ' -465', ' 1931']","[' -1383', ' 329', ' -236', ' 731', ' 1646', ' -809', ' -561', ' 99', ' -47']",fists,False
15:44:21.763512,"['216', ' -225', ' 2077', ' -1218', ' 1', ' -118', ' -440', ' -453', ' 1955']","[' -1392', ' 371', ' -153', ' 663', ' 1594', ' -836', ' -558', ' 66', ' -51']",fists,False
15:44:21.767501,"['136', ' -221', ' 2159', ' -1218', ' 1', ' -118', ' -385', ' -558', ' 2011']","[' -1305', ' 478', ' -87', ' 798', ' 1602', ' -841', ' -539', ' -10', ' -64']",fists,False
15:44:21.771490,"['85', ' -282', ' 2107', ' -1218', ' 1', ' -118', ' -537', ' -474', ' 2072']","[' -1203', ' 497', ' -105', ' 883', ' 1621', ' -825', ' -532', ' 57', ' -32']",fists,False
15:44:21.775479,"['77', ' -271', ' 2011', ' -1218', ' 1', ' -118', ' -604', ' -492', ' 1999']","[' -1202', ' 369', ' -131', ' 854', ' 1575', ' -786', ' -562', ' 120', ' 17']",fists,False
15:44:21.779469,"['76', ' -261', ' 1944', ' -1218', ' 1', ' -118', ' -554', ' -485', ' 1936']","[' -1234', ' 212', ' -145', ' 875', ' 1548', ' -747', ' -518', ' 137', ' -2']",fists,False
15:44:21.783458,"['-94', ' -191', ' 1859', ' -1218', ' 1', ' -118', ' -592', ' -503', ' 1869']","[' -1273', ' 140', ' -148', ' 900', ' 1588', ' -785', ' -461', ' 111', ' -47']",fists,False
15:44:21.787454,"['-56', ' -441', ' 1962', ' -1460', ' -37', ' 3', ' -411', ' -484', ' 1862']","[' -1331', ' 168', ' -107', ' 963', ' 1620', ' -845', ' -481', ' 120', ' -48']",fists,False
15:44:21.791443,"['14', ' -355', ' 2006', ' -1460', ' -37', ' 3', ' -488', ' -504', ' 1923']","[' -1384', ' 209', ' -68', ' 997', ' 1634', ' -855', ' -503', ' 192', ' -41']",fists,False
15:44:21.795435,"['91', ' -402', ' 2024', ' -1460', ' -37', ' 3', ' -523', ' -549', ' 1886']","[' -1396', ' 234', ' -41', ' 902', ' 1627', ' -849', ' -513', ' 186', ' -79']",fists,False
15:44:21.799417,"['94', ' -398', ' 1993', ' -1460', ' -37', ' 3', ' -533', ' -578', ' 1880']","[' -1424', ' 239', ' -34', ' 894', ' 1595', ' -795', ' -541', ' 172', ' -89']",fists,False
15:44:21.802920,"['94', ' -510', ' 1971', ' -1460', ' -37', ' 3', ' -551', ' -614', ' 1831']","[' -1515', ' 201', ' -36', ' 948', ' 1575', ' -731', ' -544', ' 198', ' -86']",fists,False
15:44:21.806914,"['137', ' -503', ' 2017', ' -1460', ' -37', ' 3', ' -495', ' -712', ' 1883']","[' -1627', ' 168', ' -43', ' 900', ' 1595', ' -741', ' -542', ' 236', ' -87']",fists,False
15:44:21.810904,"['34', ' -769', ' 2114', ' -1460', ' -37', ' 3', ' -547', ' -862', ' 2048']","[' -1605', ' 203', ' -41', ' 804', ' 1638', ' -792', ' -564', ' 180', ' -91']",fists,False
15:44:21.814888,"['131', ' -688', ' 2200', ' -1460', ' -37', ' 3', ' -642', ' -1000', ' 2137']","[' -1462', ' 137', ' -3', ' 825', ' 1651', ' -767', ' -555', ' 214', ' -85']",fists,False
15:44:21.818878,"['132', ' -614', ' 2187', ' -1460', ' -37', ' 3', ' -552', ' -974', ' 2089']","[' -1286', ' 99', ' -2', ' 732', ' 1646', ' -778', ' -565', ' 178', ' -94']",fists,False
15:44:21.822867,"['182', ' -742', ' 2208', ' -1460', ' -37', ' 3', ' -479', ' -961', ' 2014']","[' -1210', ' 76', ' -29', ' 730', ' 1649', ' -744', ' -548', ' 155', ' -87']",fists,False
15:44:21.826856,"['85', ' -713', ' 2135', ' -1455', ' 33', ' 48', ' -458', ' -900', ' 1988']","[' -1184', ' 86', ' -50', ' 764', ' 1674', ' -776', ' -552', ' 146', ' -64']",fists,False
15:44:21.830845,"['87', ' -641', ' 2116', ' -1455', ' 33', ' 48', ' -582', ' -841', ' 1959']","[' -1173', ' 106', ' -58', ' 789', ' 1672', ' -763', ' -557', ' 108', ' -80']",fists,False
15:44:21.833838,"['76', ' -530', ' 2100', ' -1455', ' 33', ' 48', ' -431', ' -763', ' 1957']","[' -1178', ' 117', ' -47', ' 884', ' 1593', ' -774', ' -512', ' 85', ' -115']",fists,False
15:44:21.837832,"['102', ' -528', ' 2064', ' -1455', ' 33', ' 48', ' -415', ' -773', ' 1961']","[' -1137', ' 149', ' -37', ' 986', ' 1602', ' -724', ' -442', ' 121', ' -158']",fists,False
15:44:21.841822,"['85', ' -528', ' 2027', ' -1455', ' 33', ' 48', ' -564', ' -725', ' 1953']","[' -1091', ' 167', ' -35', ' 976', ' 1586', ' -679', ' -399', ' 127', ' -229']",fists,False
15:44:21.845810,"['73', ' -472', ' 1975', ' -1455', ' 33', ' 48', ' -528', ' -719', ' 1912']","[' -1037', ' 80', ' -61', ' 823', ' 1606', ' -621', ' -395', ' 39', ' -334']",fists,False
15:44:21.849799,"['43', ' -381', ' 1885', ' -1455', ' 33', ' 48', ' -483', ' -640', ' 1821']","[' -1051', ' -17', ' -115', ' 974', ' 1618', ' -663', ' -375', ' 7', ' -372']",fists,False
15:44:21.853792,"['51', ' -412', ' 1812', ' -1455', ' 33', ' 48', ' -434', ' -587', ' 1737']","[' -1173', ' -14', ' -137', ' 858', ' 1643', ' -648', ' -375', ' 111', ' -322']",fists,False
15:44:21.857988,"['99', ' -415', ' 1794', ' -1455', ' 33', ' 48', ' -417', ' -536', ' 1678']","[' -1335', ' 12', ' -149', ' 761', ' 1675', ' -684', ' -388', ' 125', ' -287']",fists,False
15:44:21.862007,"['89', ' -392', ' 1781', ' -1455', ' 33', ' 48', ' -463', ' -591', ' 1734']","[' -1475', ' -21', ' -153', ' 755', ' 1706', ' -707', ' -397', ' 103', ' -262']",fists,False
15:44:21.865007,"['69', ' -442', ' 1862', ' -1343', ' 97', ' 15', ' -479', ' -637', ' 1797']","[' -1557', ' -5', ' -140', ' 757', ' 1707', ' -792', ' -409', ' 75', ' -261']",fists,False
15:44:21.868962,"['62', ' -470', ' 1875', ' -1343', ' 97', ' 15', ' -491', ' -721', ' 1862']","[' -1603', ' -32', ' -135', ' 729', ' 1717', ' -777', ' -421', ' 79', ' -232']",fists,False
15:44:21.872952,"['68', ' -508', ' 1886', ' -1343', ' 97', ' 15', ' -510', ' -720', ' 1845']","[' -1593', ' -103', ' -121', ' 786', ' 1702', ' -714', ' -457', ' 86', ' -203']",fists,False
15:44:21.877289,"['106', ' -544', ' 1915', ' -1343', ' 97', ' 15', ' -471', ' -752', ' 1836']","[' -1612', ' -162', ' -136', ' 810', ' 1667', ' -671', ' -494', ' 96', ' -157']",fists,False
15:44:21.881279,"['116', ' -629', ' 1973', ' -1343', ' 97', ' 15', ' -472', ' -797', ' 1831']","[' -1612', ' -164', ' -137', ' 860', ' 1608', ' -628', ' -494', ' 121', ' -139']",fists,False
15:44:21.885267,"['103', ' -691', ' 2003', ' -1343', ' 97', ' 15', ' -479', ' -808', ' 1846']","[' -1594', ' -139', ' -112', ' 858', ' 1623', ' -601', ' -475', ' 155', ' -139']",fists,False
15:44:21.889258,"['81', ' -733', ' 2007', ' -1343', ' 97', ' 15', ' -475', ' -873', ' 1869']","[' -1560', ' -121', ' -70', ' 864', ' 1637', ' -652', ' -485', ' 149', ' -124']",fists,False
15:44:21.893248,"['103', ' -731', ' 2013', ' -1343', ' 97', ' 15', ' -464', ' -916', ' 1870']","[' -1500', ' -119', ' -34', ' 827', ' 1647', ' -665', ' -501', ' 157', ' -116']",fists,False
15:44:21.896240,"['120', ' -761', ' 2022', ' -1343', ' 97', ' 15', ' -494', ' -961', ' 1875']","[' -1431', ' -89', ' -24', ' 759', ' 1677', ' -664', ' -498', ' 181', ' -96']",fists,False
15:44:21.900235,"['100', ' -736', ' 1987', ' -1343', ' 97', ' 15', ' -489', ' -931', ' 1850']","[' -1386', ' -106', ' -22', ' 664', ' 1693', ' -669', ' -505', ' 201', ' -67']",fists,False
15:44:21.904727,"['111', ' -741', ' 1944', ' -1343', ' 97', ' 15', ' -464', ' -917', ' 1810']","[' -1361', ' -109', ' -34', ' 659', ' 1722', ' -667', ' -525', ' 182', ' -41']",fists,False
15:44:21.908715,"['119', ' -696', ' 1893', ' -1325', ' 43', ' 7', ' -463', ' -939', ' 1783']","[' -1409', ' -118', ' -74', ' 654', ' 1692', ' -646', ' -559', ' 132', ' -30']",fists,False
15:44:21.911708,"['32', ' -707', ' 1884', ' -1325', ' 43', ' 7', ' -468', ' -843', ' 1759']","[' -1435', ' -64', ' -81', ' 635', ' 1681', ' -669', ' -557', ' 79', ' -47']",fists,False
15:44:21.915702,"['66', ' -738', ' 1834', ' -1325', ' 43', ' 7', ' -345', ' -885', ' 1707']","[' -1510', ' -96', ' -77', ' 689', ' 1706', ' -672', ' -585', ' 33', ' -56']",fists,False
15:44:21.919691,"['148', ' -774', ' 1872', ' -1325', ' 43', ' 7', ' -435', ' -926', ' 1731']","[' -1577', ' -87', ' -104', ' 692', ' 1693', ' -691', ' -596', ' 8', ' -58']",fists,False
15:44:21.923681,"['191', ' -705', ' 1843', ' -1325', ' 43', ' 7', ' -509', ' -975', ' 1749']","[' -1636', ' -63', ' -144', ' 756', ' 1734', ' -681', ' -606', ' -22', ' -68']",fists,False
15:44:21.927670,"['97', ' -707', ' 1791', ' -1325', ' 43', ' 7', ' -438', ' -927', ' 1717']","[' -1653', ' -87', ' -172', ' 762', ' 1711', ' -656', ' -624', ' -8', ' -50']",fists,False
15:44:21.931662,"['118', ' -841', ' 1804', ' -1325', ' 43', ' 7', ' -430', ' -956', ' 1733']","[' -1710', ' -131', ' -184', ' 802', ' 1700', ' -644', ' -650', ' 12', ' -16']",fists,False
15:44:21.935648,"['74', ' -869', ' 1878', ' -1325', ' 43', ' 7', ' -452', ' -1051', ' 1765']","[' -1747', ' -118', ' -194', ' 861', ' 1701', ' -600', ' -641', ' 56', ' 6']",fists,False
15:44:21.939638,"['99', ' -965', ' 1960', ' -1325', ' 43', ' 7', ' -491', ' -1088', ' 1802']","[' -1718', ' -117', ' -185', ' 877', ' 1696', ' -621', ' -673', ' 78', ' 14']",fists,False
15:44:21.943627,"['91', ' -975', ' 1986', ' -1325', ' 43', ' 7', ' -446', ' -1153', ' 1838']","[' -1649', ' -107', ' -164', ' 873', ' 1680', ' -625', ' -661', ' 127', ' 28']",fists,False
15:44:21.947612,"['91', ' -987', ' 1967', ' -1487', ' -30', ' 55', ' -451', ' -1153', ' 1804']","[' -1587', ' -90', ' -168', ' 790', ' 1680', ' -606', ' -639', ' 110', ' 15']",fists,False
15:44:21.951601,"['99', ' -954', ' 1898', ' -1487', ' -30', ' 55', ' -514', ' -1109', ' 1750']","[' -1513', ' -113', ' -155', ' 777', ' 1687', ' -641', ' -621', ' 153', ' 30']",fists,False
15:44:21.955590,"['61', ' -937', ' 1838', ' -1487', ' -30', ' 55', ' -489', ' -992', ' 1704']","[' -1507', ' -106', ' -144', ' 1016', ' 1767', ' -685', ' -644', ' 124', ' 94']",fists,False
15:44:21.959581,"['56', ' -921', ' 1851', ' -1487', ' -30', ' 55', ' -473', ' -1022', ' 1682']","[' -1515', ' -81', ' -151', ' 690', ' 1580', ' -765', ' -703', ' 127', ' 120']",fists,False
15:44:21.962572,"['134', ' -871', ' 1880', ' -1487', ' -30', ' 55', ' -487', ' -1061', ' 1746']","[' -1509', ' -119', ' -145', ' 862', ' 1871', ' -694', ' -759', ' 154', ' 217']",fists,False
15:44:21.966562,"['88', ' -804', ' 1827', ' -1487', ' -30', ' 55', ' -537', ' -992', ' 1755']","[' -1452', ' -131', ' -157', ' 784', ' 1739', ' -730', ' -812', ' 179', ' 214']",fists,False
15:44:21.970550,"['38', ' -830', ' 1776', ' -1487', ' -30', ' 55', ' -499', ' -937', ' 1693']","[' -1411', ' -166', ' -177', ' 778', ' 1736', ' -673', ' -778', ' 80', ' 115']",fists,False
15:44:21.974579,"['21', ' -788', ' 1754', ' -1487', ' -30', ' 55', ' -421', ' -921', ' 1642']","[' -1444', ' -193', ' -193', ' 884', ' 1741', ' -620', ' -789', ' 91', ' 92']",fists,False
15:44:21.978569,"['154', ' -719', ' 1715', ' -1487', ' -30', ' 55', ' -385', ' -894', ' 1620']","[' -1515', ' -225', ' -224', ' 906', ' 1732', ' -565', ' -777', ' 126', ' 77']",fists,False
15:44:21.982561,"['193', ' -806', ' 1696', ' -1487', ' -30', ' 55', ' -395', ' -899', ' 1593']","[' -1605', ' -210', ' -244', ' 915', ' 1721', ' -529', ' -797', ' 135', ' 70']",fists,False
15:44:21.986587,"['143', ' -870', ' 1689', ' -1678', ' -66', ' 84', ' -343', ' -931', ' 1594']","[' -1701', ' -221', ' -259', ' 795', ' 1702', ' -486', ' -749', ' 171', ' 3']",fists,False
15:44:21.990696,"['120', ' -879', ' 1685', ' -1678', ' -66', ' 84', ' -386', ' -990', ' 1576']","[' -1781', ' -194', ' -265', ' 768', ' 1741', ' -527', ' -686', ' 155', ' -57']",fists,False
15:44:21.994691,"['84', ' -866', ' 1598', ' -1678', ' -66', ' 84', ' -379', ' -1052', ' 1539']","[' -1877', ' -200', ' -283', ' 787', ' 1720', ' -595', ' -687', ' 108', ' -48']",fists,False
15:44:21.997684,"['148', ' -926', ' 1606', ' -1678', ' -66', ' 84', ' -370', ' -1024', ' 1504']","[' -1981', ' -190', ' -299', ' 756', ' 1763', ' -591', ' -734', ' 47', ' -66']",fists,False
15:44:22.002189,"['173', ' -1012', ' 1661', ' -1678', ' -66', ' 84', ' -358', ' -1101', ' 1532']","[' -2088', ' -161', ' -306', ' 826', ' 1762', ' -614', ' -768', ' 76', ' -56']",fists,False
15:44:22.006178,"['161', ' -1094', ' 1684', ' -1678', ' -66', ' 84', ' -398', ' -1171', ' 1548']","[' -2161', ' -134', ' -324', ' 821', ' 1757', ' -646', ' -791', ' 56', ' -47']",fists,False
15:44:22.010162,"['161', ' -1125', ' 1653', ' -1678', ' -66', ' 84', ' -366', ' -1196', ' 1524']","[' -2203', ' -114', ' -317', ' 801', ' 1792', ' -641', ' -802', ' 56', ' -46']",fists,False
15:44:22.014150,"['125', ' -1138', ' 1608', ' -1678', ' -66', ' 84', ' -408', ' -1268', ' 1519']","[' -2253', ' -129', ' -329', ' 772', ' 1827', ' -650', ' -903', ' 31', ' -20']",fists,False
15:44:22.018140,"['155', ' -1215', ' 1704', ' -1678', ' -66', ' 84', ' -436', ' -1327', ' 1575']","[' -2256', ' -136', ' -321', ' 828', ' 1768', ' -631', ' -947', ' 36', ' -5']",fists,False
15:44:22.022130,"['132', ' -1290', ' 1750', ' -1678', ' -66', ' 84', ' -419', ' -1364', ' 1610']","[' -2213', ' -153', ' -318', ' 830', ' 1778', ' -637', ' -982', ' 49', ' 30']",fists,False
15:44:22.025127,"['146', ' -1304', ' 1748', ' -1678', ' -66', ' 84', ' -439', ' -1432', ' 1620']","[' -2169', ' -163', ' -304', ' 816', ' 1796', ' -562', ' -997', ' 100', ' 69']",fists,False
15:44:22.029116,"['130', ' -1308', ' 1708', ' -1786', ' -97', ' 47', ' -383', ' -1396', ' 1552']","[' -2148', ' -154', ' -316', ' 709', ' 1727', ' -536', ' -1049', ' 104', ' 89']",fists,False
15:44:22.033105,"['142', ' -1274', ' 1637', ' -1786', ' -97', ' 47', ' -337', ' -1385', ' 1533']","[' -2191', ' -148', ' -325', ' 668', ' 1678', ' -525', ' -1089', ' 109', ' 102']",fists,False
15:44:22.037094,"['173', ' -1249', ' 1685', ' -1786', ' -97', ' 47', ' -352', ' -1386', ' 1553']","[' -2217', ' -151', ' -344', ' 868', ' 1682', ' -374', ' -1051', ' 115', ' 116']",fists,False
15:44:22.041084,"['116', ' -1285', ' 1731', ' -1786', ' -97', ' 47', ' -405', ' -1431', ' 1630']","[' -2206', ' -140', ' -320', ' 848', ' 1667', ' -415', ' -1045', ' 103', ' 103']",fists,False
15:44:22.045073,"['83', ' -1236', ' 1777', ' -1786', ' -97', ' 47', ' -422', ' -1413', ' 1703']","[' -2100', ' -156', ' -307', ' 870', ' 1676', ' -345', ' -978', ' 62', ' 36']",fists,False
15:44:22.049063,"['128', ' -1255', ' 1781', ' -1786', ' -97', ' 47', ' -395', ' -1356', ' 1637']","[' -1997', ' -194', ' -314', ' 910', ' 1651', ' -289', ' -950', ' 85', ' 21']",fists,False
15:44:22.053054,"['117', ' -1214', ' 1723', ' -1786', ' -97', ' 47', ' -386', ' -1342', ' 1598']","[' -1936', ' -209', ' -325', ' 851', ' 1617', ' -287', ' -886', ' 147', ' 17']",fists,False
15:44:22.057036,"['72', ' -1190', ' 1653', ' -1786', ' -97', ' 47', ' -478', ' -1295', ' 1562']","[' -1917', ' -241', ' -344', ' 755', ' 1702', ' -280', ' -823', ' 135', ' 21']",fists,False
15:44:22.061026,"['73', ' -1234', ' 1623', ' -1786', ' -97', ' 47', ' -275', ' -1435', ' 1623']","[' -1909', ' -436', ' -301', ' 664', ' 1694', ' -296', ' -852', ' 150', ' 30']",fists,False
15:44:22.065015,"['289', ' -1296', ' 1648', ' -1786', ' -97', ' 47', ' -305', ' -1271', ' 1488']","[' -1898', ' -243', ' -349', ' 847', ' 1773', ' -265', ' -860', ' 30', ' 25']",fists,False
15:44:22.069004,"['261', ' -1027', ' 1700', ' -1954', ' -102', ' 18', ' -229', ' -1456', ' 1511']","[' -1935', ' -212', ' -285', ' 872', ' 1988', ' -393', ' -824', ' -49', ' -16']",fists,False
15:44:22.072994,"['-14', ' -1680', ' 1573', ' -1954', ' -102', ' 18', ' -491', ' -1439', ' 1386']","[' -1972', ' -158', ' -285', ' 886', ' 1725', ' -453', ' -828', ' 69', ' 88']",fists,False
15:44:22.075991,"['221', ' -1036', ' 1447', ' -1954', ' -102', ' 18', ' -213', ' -1194', ' 1373']","[' -2017', ' -181', ' -288', ' 844', ' 1870', ' -503', ' -859', ' 34', ' 92']",fists,False
15:44:22.079980,"['107', ' -1187', ' 1499', ' -1954', ' -102', ' 18', ' -354', ' -1203', ' 1426']","[' -2103', ' -166', ' -346', ' 716', ' 1833', ' -405', ' -927', ' -20', ' 83']",fists,False
15:44:22.083969,"['60', ' -1152', ' 1553', ' -1954', ' -102', ' 18', ' -427', ' -1356', ' 1473']","[' -2135', ' -116', ' -325', ' 740', ' 1723', ' -352', ' -925', ' -22', ' 93']",fists,False
15:44:22.087968,"['175', ' -1414', ' 1527', ' -1954', ' -102', ' 18', ' -386', ' -1411', ' 1451']","[' -2114', ' -177', ' -279', ' 790', ' 1772', ' -379', ' -932', ' 30', ' 159']",fists,False
15:44:22.091957,"['301', ' -1445', ' 1499', ' -1954', ' -102', ' 18', ' -302', ' -1476', ' 1401']","[' -2109', ' -172', ' -274', ' 712', ' 1758', ' -412', ' -1033', ' 20', ' 212']",fists,False
15:44:22.095947,"['179', ' -1497', ' 1434', ' -1954', ' -102', ' 18', ' -303', ' -1507', ' 1359']","[' -2145', ' -149', ' -273', ' 716', ' 1750', ' -420', ' -1144', ' 16', ' 279']",fists,False
15:44:22.099936,"['58', ' -1456', ' 1452', ' -1954', ' -102', ' 18', ' -401', ' -1592', ' 1363']","[' -2153', ' -132', ' -281', ' 671', ' 1772', ' -330', ' -1170', ' 29', ' 329']",fists,False
15:44:22.103446,"['143', ' -1585', ' 1454', ' -1954', ' -102', ' 18', ' -326', ' -1684', ' 1310']","[' -2113', ' -124', ' -273', ' 816', ' 1680', ' -418', ' -1141', ' 34', ' 380']",fists,False
15:44:22.107431,"['160', ' -1571', ' 1434', ' -2143', ' -76', ' 31', ' -319', ' -1641', ' 1288']","[' -2083', ' -130', ' -288', ' 944', ' 1749', ' -333', ' -1055', ' 128', ' 404']",fists,False
15:44:22.111420,"['4', ' -1425', ' 1175', ' -2143', ' -76', ' 31', ' -369', ' -1568', ' 1155']","[' -2131', ' -150', ' -310', ' 896', ' 1783', ' -298', ' -1075', ' 131', ' 393']",fists,False
15:44:22.115409,"['176', ' -1556', ' 1350', ' -2143', ' -76', ' 31', ' -247', ' -1583', ' 1190']","[' -2222', ' -148', ' -347', ' 980', ' 1798', ' -350', ' -1087', ' 72', ' 372']",fists,False
15:44:22.119399,"['109', ' -1572', ' 1318', ' -2143', ' -76', ' 31', ' -248', ' -1637', ' 1265']","[' -2288', ' -141', ' -362', ' 925', ' 1710', ' -252', ' -1058', ' 74', ' 315']",fists,False
15:44:22.123394,"['1', ' -1565', ' 1342', ' -2143', ' -76', ' 31', ' -363', ' -1692', ' 1332']","[' -2249', ' -115', ' -334', ' 908', ' 1835', ' -267', ' -981', ' 54', ' 230']",fists,False
15:44:22.127379,"['427', ' -1626', ' 1826', ' -2143', ' -76', ' 31', ' -203', ' -1843', ' 1495']","[' -2152', ' -103', ' -303', ' 987', ' 1683', ' -306', ' -1000', ' 61', ' 233']",fists,False
15:44:22.131368,"['222', ' -1816', ' 1633', ' -2143', ' -76', ' 31', ' -319', ' -1811', ' 1493']","[' -1979', ' -95', ' -286', ' 956', ' 1748', ' -219', ' -949', ' 89', ' 193']",fists,False
15:44:22.135356,"['205', ' -1648', ' 1492', ' -2143', ' -76', ' 31', ' -345', ' -1718', ' 1379']","[' -1872', ' -99', ' -270', ' 950', ' 1684', ' -173', ' -934', ' 87', ' 136']",fists,False
15:44:22.138353,"['181', ' -1696', ' 1602', ' -2143', ' -76', ' 31', ' -308', ' -1691', ' 1392']","[' -1810', ' -91', ' -261', ' 814', ' 1693', ' -96', ' -923', ' 59', ' 102']",fists,False
15:44:22.142342,"['136', ' -1591', ' 1455', ' -2143', ' -76', ' 31', ' -294', ' -1678', ' 1312']","[' -1730', ' -145', ' -270', ' 787', ' 1637', ' -128', ' -873', ' 87', ' 90']",fists,False
15:44:22.146331,"['68', ' -1475', ' 1484', ' -2198', ' -75', ' 34', ' -418', ' -1576', ' 1363']","[' -1652', ' -82', ' -249', ' 750', ' 1707', ' 22', ' -767', ' 42', ' 72']",fists,False
15:44:22.150322,"['357', ' -1780', ' 1700', ' -2198', ' -75', ' 34', ' -141', ' -1760', ' 1429']","[' -1642', ' -89', ' -184', ' 706', ' 1670', ' 3', ' -789', ' 45', ' 63']",fists,False
15:44:22.154310,"['141', ' -1511', ' 1294', ' -2198', ' -75', ' 34', ' -274', ' -1634', ' 1276']","[' -1578', ' -122', ' -177', ' 784', ' 1652', ' -100', ' -702', ' 45', ' 24']",fists,False
15:44:22.158294,"['121', ' -1600', ' 1459', ' -2198', ' -75', ' 34', ' -390', ' -1769', ' 1370']","[' -1492', ' -25', ' -201', ' 676', ' 1688', ' -75', ' -681', ' 2', ' 52']",fists,False
15:44:22.162289,"['265', ' -1712', ' 1453', ' -2198', ' -75', ' 34', ' -324', ' -1801', ' 1252']","[' -1443', ' -81', ' -219', ' 806', ' 1697', ' -22', ' -678', ' -42', ' 37']",fists,False
15:44:22.166279,"['172', ' -1590', ' 1333', ' -2198', ' -75', ' 34', ' -298', ' -1714', ' 1211']","[' -1399', ' -98', ' -228', ' 836', ' 1785', ' -173', ' -635', ' -17', ' 56']",fists,False
15:44:22.170262,"['-1', ' -1519', ' 1200', ' -2198', ' -75', ' 34', ' -359', ' -1675', ' 1231']","[' -1351', ' -114', ' -230', ' 793', ' 1803', ' -233', ' -663', ' 85', ' 134']",fists,False
15:44:22.174252,"['190', ' -1654', ' 1344', ' -2198', ' -75', ' 34', ' -269', ' -1811', ' 1222']","[' -1337', ' -177', ' -222', ' 367', ' 1100', ' 466', ' -691', ' -130', ' 78']",fists,False
15:44:22.178245,"['293', ' -1551', ' 1333', ' -2198', ' -75', ' 34', ' -275', ' -1879', ' 1197']","[' -1262', ' -146', ' -140', ' 977', ' 1544', ' 322', ' -286', ' -305', ' -41']",fists,False
15:44:22.182231,"['427', ' -1954', ' 1589', ' -2198', ' -75', ' 34', ' -109', ' -1937', ' 1316']","[' -1170', ' -138', ' -102', ' 921', ' 2039', ' -339', ' -421', ' -46', ' -52']",fists,False
15:44:22.186220,"['277', ' -1671', ' 1479', ' -2198', ' -75', ' 34', ' -157', ' -1829', ' 1321']","[' -1010', ' -25', ' -12', ' 702', ' 1730', ' -68', ' -848', ' 47', ' 162']",fists,False
15:44:22.190211,"['301', ' -1749', ' 1316', ' -2080', ' -57', ' 13', ' -163', ' -1676', ' 1104']","[' -1046', ' -76', ' 13', ' 692', ' 1648', ' 89', ' -655', ' 43', ' 127']",fists,False
15:44:22.194200,"['222', ' -1572', ' 1239', ' -2080', ' -57', ' 13', ' -284', ' -1670', ' 1168']","[' -1128', ' -22', ' 7', ' 680', ' 1790', ' -142', ' -492', ' -79', ' 142']",fists,False
15:44:22.197192,"['213', ' -1569', ' 1183', ' -2080', ' -57', ' 13', ' -210', ' -1656', ' 1177']","[' -1116', ' -71', ' -14', ' 814', ' 1844', ' -93', ' -566', ' -47', ' 179']",fists,False
15:44:22.201691,"['260', ' -1689', ' 1263', ' -2080', ' -57', ' 13', ' -273', ' -1742', ' 1194']","[' -1080', ' -11', ' -8', ' 776', ' 1641', ' -118', ' -584', ' -94', ' 127']",fists,False
15:44:22.205683,"['212', ' -1735', ' 1283', ' -2080', ' -57', ' 13', ' -361', ' -1720', ' 1142']","[' -1038', ' -1', ' 23', ' 771', ' 1813', ' -132', ' -381', ' -219', ' 62']",fists,False
15:44:22.209674,"['227', ' -1674', ' 1371', ' -2080', ' -57', ' 13', ' -256', ' -1762', ' 1186']","[' -1034', ' 9', ' 55', ' 843', ' 1853', ' -182', ' -419', ' -216', ' 43']",fists,False
15:44:22.213662,"['269', ' -1705', ' 1361', ' -2080', ' -57', ' 13', ' -206', ' -1802', ' 1228']","[' -998', ' 26', ' 73', ' 882', ' 1776', ' -109', ' -439', ' -205', ' 93']",fists,False
15:44:22.217651,"['234', ' -1685', ' 1257', ' -2080', ' -57', ' 13', ' -198', ' -1742', ' 1158']","[' -956', ' 24', ' 105', ' 905', ' 1811', ' -118', ' -353', ' -152', ' 81']",fists,False
15:44:22.220648,"['267', ' -1745', ' 1366', ' -2080', ' -57', ' 13', ' -186', ' -1779', ' 1157']","[' -949', ' 35', ' 136', ' 837', ' 1777', ' -115', ' -378', ' -108', ' 72']",fists,False
15:44:22.224637,"['167', ' -1687', ' 1201', ' -2080', ' -57', ' 13', ' -225', ' -1772', ' 1122']","[' -922', ' 50', ' 140', ' 792', ' 1859', ' -162', ' -350', ' -144', ' 42']",fists,False
15:44:22.228626,"['225', ' -1795', ' 1301', ' -1645', ' 14', ' -28', ' -283', ' -1740', ' 1084']","[' -903', ' 52', ' 148', ' 831', ' 1784', ' -93', ' -342', ' -189', ' -9']",fists,False
15:44:22.232616,"['230', ' -1646', ' 1247', ' -1645', ' 14', ' -28', ' -195', ' -1772', ' 1094']","[' -950', ' 42', ' 140', ' 835', ' 1842', ' -138', ' -357', ' -151', ' 13']",fists,False
15:44:22.236605,"['150', ' -1591', ' 1157', ' -1645', ' 14', ' -28', ' -298', ' -1669', ' 1011']","[' -938', ' 37', ' 136', ' 774', ' 1829', ' -153', ' -386', ' -141', ' -2']",fists,False
15:44:22.240596,"['283', ' -1790', ' 1391', ' -1645', ' 14', ' -28', ' -191', ' -1823', ' 1122']","[' -962', ' 64', ' 152', ' 752', ' 1734', ' -107', ' -384', ' -157', ' -5']",fists,False
15:44:22.244585,"['171', ' -1727', ' 1230', ' -1645', ' 14', ' -28', ' -234', ' -1885', ' 1098']","[' -938', ' 26', ' 145', ' 887', ' 1795', ' -93', ' -323', ' -266', ' -33']",fists,False
15:44:22.248568,"['187', ' -1762', ' 1214', ' -1645', ' 14', ' -28', ' -308', ' -1870', ' 1067']","[' -876', ' 45', ' 122', ' 912', ' 1776', ' -148', ' -277', ' -168', ' -63']",fists,False
15:44:22.252558,"['119', ' -1781', ' 1242', ' -1645', ' 14', ' -28', ' -333', ' -1959', ' 1092']","[' -808', ' 27', ' 130', ' 908', ' 1766', ' -203', ' -264', ' -192', ' -92']",fists,False
15:44:22.255549,"['137', ' -1838', ' 1191', ' -1645', ' 14', ' -28', ' -306', ' -1920', ' 1033']","[' -734', ' 6', ' 151', ' 883', ' 1815', ' -208', ' -206', ' -218', ' -117']",fists,False
15:44:22.259544,"['116', ' -1784', ' 1115', ' -1645', ' 14', ' -28', ' -345', ' -1932', ' 1027']","[' -704', ' -23', ' 158', ' 886', ' 1770', ' -181', ' -206', ' -243', ' -137']",fists,False
15:44:22.263533,"['131', ' -1821', ' 1213', ' -1645', ' 14', ' -28', ' -373', ' -1839', ' 975']","[' -602', ' -7', ' 167', ' 954', ' 1766', ' -129', ' -156', ' -231', ' -167']",fists,False
15:44:22.267523,"['119', ' -1733', ' 1121', ' -1029', ' 100', ' -19', ' -326', ' -1906', ' 1014']","[' -575', ' -18', ' 164', ' 929', ' 1706', ' -109', ' -146', ' -181', ' -200']",fists,False
15:44:22.271513,"['126', ' -1751', ' 1227', ' -1029', ' 100', ' -19', ' -332', ' -1872', ' 1045']","[' -514', ' -10', ' 156', ' 906', ' 1753', ' -140', ' -89', ' -166', ' -194']",fists,False
15:44:22.275501,"['69', ' -1690', ' 1129', ' -1029', ' 100', ' -19', ' -345', ' -1838', ' 998']","[' -462', ' -20', ' 135', ' 872', ' 1766', ' -148', ' -110', ' -157', ' -170']",fists,False
15:44:22.279491,"['79', ' -1675', ' 1136', ' -1029', ' 100', ' -19', ' -349', ' -1841', ' 987']","[' -425', ' -37', ' 119', ' 871', ' 1727', ' -110', ' -90', ' -173', ' -182']",fists,False
15:44:22.283480,"['94', ' -1775', ' 1200', ' -1029', ' 100', ' -19', ' -323', ' -1883', ' 1019']","[' -403', ' -46', ' 111', ' 889', ' 1731', ' -118', ' -87', ' -171', ' -176']",fists,False
15:44:22.287472,"['88', ' -1763', ' 1186', ' -1029', ' 100', ' -19', ' -372', ' -1822', ' 966']","[' -355', ' -41', ' 96', ' 866', ' 1730', ' -112', ' -36', ' -194', ' -200']",fists,False
15:44:22.291461,"['53', ' -1725', ' 1145', ' -1029', ' 100', ' -19', ' -382', ' -1839', ' 984']","[' -324', ' -50', ' 92', ' 837', ' 1758', ' -137', ' -17', ' -215', ' -210']",fists,False
15:44:22.295660,"['77', ' -1703', ' 1131', ' -1029', ' 100', ' -19', ' -358', ' -1845', ' 988']","[' -282', ' -62', ' 69', ' 786', ' 1807', ' -136', ' -18', ' -242', ' -196']",fists,False
15:44:22.299649,"['106', ' -1665', ' 1142', ' -1029', ' 100', ' -19', ' -313', ' -1790', ' 956']","[' -257', ' -66', ' 38', ' 792', ' 1772', ' -134', ' -61', ' -244', ' -169']",fists,False
15:44:22.302945,"['82', ' -1654', ' 1105', ' -1029', ' 100', ' -19', ' -310', ' -1747', ' 931']","[' -275', ' -66', ' 23', ' 796', ' 1813', ' -158', ' -92', ' -267', ' -129']",fists,False
15:44:22.306948,"['162', ' -1682', ' 1156', ' -580', ' 137', ' 42', ' -255', ' -1794', ' 977']","[' -275', ' -41', ' 27', ' 757', ' 1795', ' -148', ' -78', ' -283', ' -125']",fists,False
15:44:22.310972,"['137', ' -1685', ' 1184', ' -580', ' 137', ' 42', ' -273', ' -1792', ' 998']","[' -281', ' -12', ' 32', ' 789', ' 1824', ' -137', ' -66', ' -307', ' -107']",fists,False
15:44:22.314501,"['167', ' -1673', ' 1180', ' -580', ' 137', ' 42', ' -268', ' -1748', ' 1002']","[' -270', ' -21', ' 16', ' 779', ' 1793', ' -76', ' -95', ' -320', ' -81']",fists,False
15:44:22.318490,"['174', ' -1640', ' 1201', ' -580', ' 137', ' 42', ' -230', ' -1781', ' 1021']","[' -269', ' 14', ' 20', ' 832', ' 1870', ' -87', ' -73', ' -302', ' -33']",fists,False
15:44:22.322485,"['199', ' -1655', ' 1157', ' -580', ' 137', ' 42', ' -230', ' -1723', ' 980']","[' -289', ' 34', ' 29', ' 875', ' 1763', ' -169', ' -87', ' -357', ' -14']",fists,False
15:44:22.326469,"['188', ' -1672', ' 1183', ' -580', ' 137', ' 42', ' -302', ' -1787', ' 1014']","[' -295', ' 57', ' 33', ' 732', ' 1827', ' -112', ' -53', ' -300', ' -3']",fists,False
15:44:22.330458,"['165', ' -1703', ' 1230', ' -580', ' 137', ' 42', ' -398', ' -1754', ' 992']","[' -260', ' 96', ' 54', ' 842', ' 1876', ' -138', ' -44', ' -292', ' 22']",fists,False
15:44:22.334449,"['209', ' -1669', ' 1171', ' -580', ' 137', ' 42', ' -308', ' -1757', ' 985']","[' -263', ' 72', ' 62', ' 741', ' 1767', ' -77', ' -29', ' -305', ' 4']",fists,False
15:44:22.338438,"['124', ' -1686', ' 1199', ' -580', ' 137', ' 42', ' -216', ' -1724', ' 992']","[' -268', ' 79', ' 72', ' 857', ' 1754', ' -107', ' -2', ' -321', ' 19']",fists,False
15:44:22.342427,"['131', ' -1661', ' 1142', ' -580', ' 137', ' 42', ' -306', ' -1727', ' 986']","[' -270', ' 76', ' 81', ' 825', ' 1776', ' -124', ' 14', ' -299', ' 33']",fists,False
15:44:22.346417,"['146', ' -1704', ' 1175', ' -580', ' 137', ' 42', ' -287', ' -1800', ' 1011']","[' -259', ' 96', ' 90', ' 837', ' 1755', ' -83', ' 31', ' -288', ' 29']",fists,False
15:44:22.349408,"['123', ' -1670', ' 1136', ' -315', ' 85', ' 44', ' -272', ' -1806', ' 974']","[' -241', ' 87', ' 97', ' 846', ' 1779', ' -108', ' 74', ' -267', ' 23']",fists,False
15:44:22.353397,"['140', ' -1688', ' 1113', ' -315', ' 85', ' 44', ' -324', ' -1792', ' 953']","[' -239', ' 81', ' 84', ' 857', ' 1777', ' -122', ' 78', ' -243', ' 10']",fists,False
15:44:22.357387,"['108', ' -1681', ' 1157', ' -315', ' 85', ' 44', ' -311', ' -1845', ' 985']","[' -237', ' 77', ' 80', ' 891', ' 1761', ' -120', ' 72', ' -222', ' 14']",fists,False
15:44:22.361377,"['118', ' -1689', ' 1134', ' -315', ' 85', ' 44', ' -307', ' -1831', ' 948']","[' -236', ' 72', ' 65', ' 873', ' 1804', ' -123', ' 99', ' -193', ' 13']",fists,False
15:44:22.365367,"['106', ' -1719', ' 1127', ' -315', ' 85', ' 44', ' -327', ' -1820', ' 966']","[' -220', ' 67', ' 53', ' 878', ' 1775', ' -138', ' 89', ' -161', ' 13']",fists,False
15:44:22.369355,"['123', ' -1717', ' 1122', ' -315', ' 85', ' 44', ' -333', ' -1828', ' 937']","[' -215', ' 69', ' 56', ' 884', ' 1812', ' -166', ' 70', ' -151', ' 2']",fists,False
15:44:22.373349,"['110', ' -1686', ' 1135', ' -315', ' 85', ' 44', ' -315', ' -1849', ' 931']","[' -207', ' 55', ' 56', ' 862', ' 1771', ' -125', ' 82', ' -130', ' 12']",fists,False
15:44:22.377340,"['111', ' -1730', ' 1130', ' -315', ' 85', ' 44', ' -345', ' -1863', ' 950']","[' -215', ' 46', ' 59', ' 870', ' 1785', ' -147', ' 74', ' -114', ' 11']",fists,False
15:44:22.381331,"['126', ' -1704', ' 1113', ' -315', ' 85', ' 44', ' -345', ' -1833', ' 934']","[' -193', ' 43', ' 38', ' 855', ' 1776', ' -123', ' 80', ' -104', ' 0']",fists,False
15:44:22.384328,"['130', ' -1715', ' 1169', ' -315', ' 85', ' 44', ' -331', ' -1813', ' 957']","[' -183', ' 38', ' 44', ' 856', ' 1777', ' -125', ' 105', ' -84', ' 4']",fists,False
15:44:22.388319,"['131', ' -1711', ' 1145', ' -158', ' 30', ' -2', ' -337', ' -1819', ' 953']","[' -174', ' 31', ' 27', ' 809', ' 1792', ' -111', ' 117', ' -84', ' 11']",fists,False
15:44:22.392302,"['128', ' -1715', ' 1154', ' -158', ' 30', ' -2', ' -352', ' -1824', ' 933']","[' -171', ' 33', ' 34', ' 844', ' 1794', ' -136', ' 126', ' -86', ' 17']",fists,False
15:44:22.396296,"['119', ' -1760', ' 1126', ' -158', ' 30', ' -2', ' -360', ' -1876', ' 920']","[' -164', ' 53', ' 7', ' 844', ' 1794', ' -173', ' 134', ' -92', ' 0']",fists,False
15:44:22.400287,"['91', ' -1800', ' 1093', ' -158', ' 30', ' -2', ' -358', ' -1899', ' 900']","[' -149', ' 37', ' -1', ' 886', ' 1805', ' -192', ' 139', ' -108', ' -17']",fists,False
15:44:22.403816,"['100', ' -1806', ' 1091', ' -158', ' 30', ' -2', ' -346', ' -1912', ' 867']","[' -126', ' 25', ' -5', ' 905', ' 1799', ' -193', ' 135', ' -126', ' -44']",fists,False
15:44:22.407819,"['121', ' -1811', ' 1071', ' -158', ' 30', ' -2', ' -347', ' -1905', ' 866']","[' -115', ' 17', ' -12', ' 903', ' 1803', ' -213', ' 120', ' -124', ' -52']",fists,False
15:44:22.411807,"['109', ' -1807', ' 1084', ' -158', ' 30', ' -2', ' -339', ' -1904', ' 873']","[' -97', ' 27', ' -4', ' 873', ' 1825', ' -224', ' 115', ' -132', ' -65']",fists,False
15:44:22.416011,"['123', ' -1800', ' 1060', ' -158', ' 30', ' -2', ' -343', ' -1857', ' 847']","[' -99', ' 16', ' -8', ' 861', ' 1834', ' -225', ' 90', ' -150', ' -76']",fists,False
15:44:22.420005,"['156', ' -1769', ' 1095', ' -158', ' 30', ' -2', ' -327', ' -1878', ' 886']","[' -122', ' 22', ' -2', ' 836', ' 1817', ' -188', ' 66', ' -166', ' -72']",fists,False
15:44:22.424061,"['149', ' -1716', ' 1115', ' -158', ' 30', ' -2', ' -349', ' -1853', ' 886']","[' -122', ' 26', ' 14', ' 839', ' 1802', ' -177', ' 51', ' -175', ' -73']",fists,False
15:44:22.428019,"['138', ' -1758', ' 1132', ' -103', ' 20', ' -28', ' -306', ' -1879', ' 911']","[' -99', ' 26', ' 2', ' 818', ' 1816', ' -193', ' 48', ' -174', ' -72']",fists,False
15:44:22.432040,"['113', ' -1752', ' 1104', ' -103', ' 20', ' -28', ' -332', ' -1889', ' 921']","[' -137', ' 45', ' -6', ' 794', ' 1806', ' -201', ' 60', ' -208', ' -83']",fists,False
15:44:22.435997,"['132', ' -1744', ' 1124', ' -103', ' 20', ' -28', ' -350', ' -1883', ' 905']","[' -139', ' 39', ' 12', ' 828', ' 1810', ' -195', ' 78', ' -249', ' -86']",fists,False
15:44:22.438995,"['125', ' -1761', ' 1114', ' -103', ' 20', ' -28', ' -327', ' -1880', ' 916']","[' -129', ' 36', ' 3', ' 883', ' 1814', ' -200', ' 70', ' -245', ' -96']",fists,False
15:44:22.442984,"['159', ' -1766', ' 1096', ' -103', ' 20', ' -28', ' -312', ' -1862', ' 922']","[' -128', ' 38', ' 1', ' 895', ' 1818', ' -191', ' 67', ' -236', ' -91']",fists,False
15:44:22.446973,"['161', ' -1760', ' 1111', ' -103', ' 20', ' -28', ' -328', ' -1859', ' 907']","[' -133', ' 22', ' -2', ' 883', ' 1842', ' -195', ' 55', ' -232', ' -80']",fists,False
15:44:22.450962,"['145', ' -1763', ' 1120', ' -103', ' 20', ' -28', ' -327', ' -1867', ' 934']","[' -116', ' 23', ' 4', ' 834', ' 1836', ' -170', ' 48', ' -216', ' -69']",fists,False
15:44:22.454951,"['156', ' -1745', ' 1139', ' -103', ' 20', ' -28', ' -307', ' -1847', ' 930']","[' -113', ' 31', ' 6', ' 837', ' 1816', ' -183', ' 51', ' -219', ' -64']",fists,False
15:44:22.458937,"['169', ' -1734', ' 1145', ' -103', ' 20', ' -28', ' -293', ' -1830', ' 950']","[' -107', ' 36', ' 10', ' 842', ' 1816', ' -171', ' 49', ' -222', ' -69']",fists,False
15:44:22.462931,"['158', ' -1724', ' 1132', ' -103', ' 20', ' -28', ' -304', ' -1827', ' 941']","[' -120', ' 41', ' 28', ' 785', ' 1839', ' -175', ' 65', ' -190', ' -53']",fists,False
15:44:22.466915,"['158', ' -1693', ' 1143', ' -103', ' 20', ' -28', ' -324', ' -1797', ' 939']","[' -124', ' 32', ' 34', ' 854', ' 1835', ' -155', ' 53', ' -205', ' -33']",fists,False
15:44:22.470904,"['141', ' -1722', ' 1128', ' -85', ' 10', ' -48', ' -333', ' -1822', ' 956']","[' -127', ' 40', ' 30', ' 842', ' 1776', ' -159', ' 68', ' -171', ' -19']",fists,False
15:44:22.474894,"['135', ' -1714', ' 1135', ' -85', ' 10', ' -48', ' -301', ' -1832', ' 953']","[' -130', ' 36', ' 31', ' 849', ' 1824', ' -175', ' 69', ' -141', ' 3']",fists,False
15:44:22.478883,"['126', ' -1703', ' 1171', ' -85', ' 10', ' -48', ' -281', ' -1822', ' 927']","[' -122', ' 22', ' 8', ' 803', ' 1805', ' -176', ' 79', ' -152', ' -13']",fists,False
15:44:22.481879,"['158', ' -1720', ' 1139', ' -85', ' 10', ' -48', ' -321', ' -1830', ' 917']","[' -115', ' 25', ' 20', ' 809', ' 1812', ' -178', ' 66', ' -142', ' -3']",fists,False
15:44:22.485869,"['158', ' -1709', ' 1146', ' -85', ' 10', ' -48', ' -303', ' -1845', ' 913']","[' -105', ' 34', ' 6', ' 805', ' 1802', ' -180', ' 71', ' -156', ' -12']",fists,False
15:44:22.489860,"['163', ' -1724', ' 1111', ' -85', ' 10', ' -48', ' -300', ' -1833', ' 916']","[' -100', ' 42', ' 5', ' 820', ' 1802', ' -189', ' 80', ' -173', ' -11']",fists,False
15:44:22.493849,"['161', ' -1727', ' 1096', ' -85', ' 10', ' -48', ' -325', ' -1850', ' 885']","[' -84', ' 50', ' 1', ' 847', ' 1801', ' -195', ' 66', ' -159', ' -15']",fists,False
15:44:22.497839,"['150', ' -1740', ' 1074', ' -85', ' 10', ' -48', ' -326', ' -1829', ' 887']","[' -79', ' 40', ' 2', ' 881', ' 1764', ' -191', ' 63', ' -149', ' -11']",fists,False
15:44:22.501829,"['124', ' -1739', ' 1066', ' -85', ' 10', ' -48', ' -322', ' -1819', ' 881']","[' -79', ' 34', ' -3', ' 870', ' 1756', ' -202', ' 44', ' -130', ' -19']",fists,False
15:44:22.505514,"['118', ' -1737', ' 1088', ' -85', ' 10', ' -48', ' -344', ' -1845', ' 908']","[' -80', ' 28', ' -5', ' 850', ' 1784', ' -196', ' 58', ' -118', ' -27']",fists,False
15:44:22.509898,"['131', ' -1742', ' 1108', ' -59', ' 10', ' -63', ' -319', ' -1866', ' 923']","[' -65', ' 29', ' 1', ' 854', ' 1795', ' -185', ' 66', ' -125', ' -27']",fists,False
15:44:22.513888,"['162', ' -1737', ' 1123', ' -59', ' 10', ' -63', ' -334', ' -1862', ' 928']","[' -66', ' 29', ' 7', ' 863', ' 1795', ' -196', ' 61', ' -94', ' -20']",fists,False
15:44:22.516879,"['153', ' -1730', ' 1114', ' -59', ' 10', ' -63', ' -318', ' -1847', ' 905']","[' -60', ' 26', ' 4', ' 861', ' 1783', ' -204', ' 63', ' -66', ' -9']",fists,False
15:44:22.520873,"['142', ' -1748', ' 1104', ' -59', ' 10', ' -63', ' -335', ' -1854', ' 892']","[' -41', ' 31', ' 2', ' 866', ' 1795', ' -198', ' 74', ' -54', ' -5']",fists,False
15:44:22.524863,"['137', ' -1761', ' 1079', ' -59', ' 10', ' -63', ' -341', ' -1864', ' 891']","[' -53', ' 18', ' 9', ' 878', ' 1805', ' -212', ' 53', ' -53', ' -1']",fists,False
15:44:22.528852,"['136', ' -1778', ' 1066', ' -59', ' 10', ' -63', ' -349', ' -1863', ' 896']","[' -50', ' 23', ' 2', ' 885', ' 1791', ' -216', ' 47', ' -30', ' -19']",fists,False
15:44:22.532842,"['141', ' -1757', ' 1092', ' -59', ' 10', ' -63', ' -346', ' -1879', ' 866']","[' -34', ' 18', ' 1', ' 872', ' 1808', ' -227', ' 44', ' -21', ' -7']",fists,False
15:44:22.536826,"['138', ' -1760', ' 1071', ' -59', ' 10', ' -63', ' -321', ' -1859', ' 882']","[' -22', ' 15', ' 12', ' 899', ' 1799', ' -216', ' 21', ' -15', ' 3']",fists,False
15:44:22.540816,"['144', ' -1756', ' 1093', ' -59', ' 10', ' -63', ' -326', ' -1840', ' 900']","[' -37', ' 20', ' 6', ' 866', ' 1801', ' -178', ' 21', ' 8', ' 2']",fists,False
15:44:22.544808,"['135', ' -1739', ' 1123', ' -59', ' 10', ' -63', ' -334', ' -1839', ' 917']","[' -50', ' 30', ' -1', ' 857', ' 1791', ' -189', ' 17', ' 25', ' 7']",fists,False
15:44:22.548794,"['135', ' -1735', ' 1130', ' -38', ' 21', ' -55', ' -334', ' -1852', ' 930']","[' -50', ' 17', ' 11', ' 838', ' 1795', ' -166', ' 20', ' 22', ' 7']",fists,False
15:44:22.551786,"['133', ' -1726', ' 1130', ' -38', ' 21', ' -55', ' -340', ' -1826', ' 918']","[' -52', ' 30', ' 3', ' 825', ' 1806', ' -166', ' 38', ' 15', ' 10']",fists,False
15:44:22.555775,"['112', ' -1731', ' 1137', ' -38', ' 21', ' -55', ' -347', ' -1831', ' 905']","[' -51', ' 28', ' 5', ' 836', ' 1804', ' -175', ' 44', ' 24', ' 10']",fists,False
15:44:22.559765,"['129', ' -1736', ' 1128', ' -38', ' 21', ' -55', ' -362', ' -1846', ' 921']","[' -52', ' 25', ' 15', ' 854', ' 1789', ' -185', ' 49', ' 13', ' 11']",fists,False
15:44:22.563755,"['143', ' -1759', ' 1104', ' -38', ' 21', ' -55', ' -371', ' -1839', ' 908']","[' -49', ' 20', ' -3', ' 870', ' 1797', ' -203', ' 48', ' -1', ' 4']",fists,False
15:44:22.567744,"['112', ' -1770', ' 1107', ' -38', ' 21', ' -55', ' -342', ' -1865', ' 915']","[' -36', ' 27', ' 0', ' 852', ' 1794', ' -187', ' 54', ' 1', ' -12']",fists,False
15:44:22.571733,"['123', ' -1767', ' 1092', ' -38', ' 21', ' -55', ' -328', ' -1861', ' 901']","[' -35', ' 27', ' 6', ' 848', ' 1804', ' -206', ' 46', ' 2', ' -24']",fists,False
15:44:22.575722,"['111', ' -1751', ' 1101', ' -38', ' 21', ' -55', ' -338', ' -1854', ' 892']","[' -23', ' 21', ' 1', ' 849', ' 1799', ' -190', ' 57', ' -11', ' -36']",fists,False
15:44:22.579717,"['129', ' -1744', ' 1103', ' -38', ' 21', ' -55', ' -346', ' -1832', ' 894']","[' -22', ' 21', ' -4', ' 859', ' 1788', ' -185', ' 52', ' -3', ' -23']",fists,False
15:44:22.583701,"['127', ' -1738', ' 1110', ' -38', ' 21', ' -55', ' -326', ' -1824', ' 898']","[' -17', ' 27', ' -3', ' 848', ' 1780', ' -187', ' 44', ' 13', ' -22']",fists,False
15:44:22.587700,"['129', ' -1729', ' 1126', ' -38', ' 21', ' -55', ' -342', ' -1832', ' 914']","[' -16', ' 31', ' 4', ' 853', ' 1793', ' -174', ' 53', ' 10', ' -17']",fists,False
15:44:22.591689,"['118', ' -1731', ' 1116', ' -19', ' 21', ' -35', ' -339', ' -1840', ' 926']","[' -18', ' 24', ' 11', ' 847', ' 1772', ' -178', ' 64', ' 12', ' -17']",fists,False
15:44:22.594685,"['117', ' -1750', ' 1132', ' -19', ' 21', ' -35', ' -340', ' -1842', ' 914']","[' -18', ' 19', ' 3', ' 838', ' 1788', ' -187', ' 65', ' 14', ' -22']",fists,False
15:44:22.598671,"['129', ' -1714', ' 1139', ' -19', ' 21', ' -35', ' -317', ' -1851', ' 933']","[' -16', ' 19', ' 15', ' 862', ' 1784', ' -179', ' 73', ' 19', ' -16']",fists,False
15:44:22.603171,"['142', ' -1719', ' 1126', ' -19', ' 21', ' -35', ' -337', ' -1832', ' 920']","[' -17', ' 26', ' 11', ' 857', ' 1785', ' -185', ' 84', ' 46', ' -8']",fists,False
15:44:22.607160,"['136', ' -1720', ' 1115', ' -19', ' 21', ' -35', ' -341', ' -1822', ' 899']","[' -19', ' 19', ' 13', ' 864', ' 1803', ' -180', ' 75', ' 48', ' -8']",fists,False
15:44:22.611150,"['140', ' -1721', ' 1122', ' -19', ' 21', ' -35', ' -332', ' -1819', ' 915']","[' -23', ' 26', ' 15', ' 839', ' 1796', ' -177', ' 48', ' 77', ' 0']",fists,False
15:44:22.614149,"['144', ' -1700', ' 1118', ' -19', ' 21', ' -35', ' -341', ' -1818', ' 938']","[' -40', ' 25', ' 22', ' 813', ' 1797', ' -177', ' 57', ' 60', ' 4']",fists,False
15:44:22.618143,"['112', ' -1717', ' 1123', ' -19', ' 21', ' -35', ' -341', ' -1833', ' 913']","[' -32', ' 31', ' 22', ' 819', ' 1805', ' -185', ' 54', ' 67', ' 10']",fists,False
15:44:22.622138,"['133', ' -1719', ' 1107', ' -19', ' 21', ' -35', ' -359', ' -1838', ' 934']","[' -32', ' 21', ' 22', ' 810', ' 1811', ' -200', ' 47', ' 57', ' 19']",fists,False
15:44:22.626128,"['171', ' -1731', ' 1112', ' -19', ' 21', ' -35', ' -331', ' -1840', ' 919']","[' -34', ' 25', ' 25', ' 812', ' 1800', ' -210', ' 39', ' 42', ' 28']",fists,False
15:44:22.630128,"['126', ' -1736', ' 1105', ' 0', ' 13', ' -13', ' -342', ' -1858', ' 904']","[' -35', ' 33', ' 15', ' 827', ' 1795', ' -206', ' 34', ' 25', ' 25']",fists,False
15:44:22.634101,"['141', ' -1733', ' 1092', ' 0', ' 13', ' -13', ' -353', ' -1863', ' 918']","[' -12', ' 16', ' 25', ' 865', ' 1807', ' -199', ' 12', ' 8', ' 13']",fists,False
15:44:22.638090,"['128', ' -1763', ' 1082', ' 0', ' 13', ' -13', ' -348', ' -1869', ' 898']","[' -19', ' 29', ' 9', ' 889', ' 1799', ' -220', ' 17', ' 23', ' 15']",fists,False
15:44:22.641089,"['110', ' -1767', ' 1112', ' 0', ' 13', ' -13', ' -359', ' -1858', ' 904']","[' -20', ' 13', ' 16', ' 855', ' 1799', ' -211', ' 7', ' 21', ' 3']",fists,False
15:44:22.645076,"['138', ' -1745', ' 1112', ' 0', ' 13', ' -13', ' -346', ' -1858', ' 895']","[' -13', ' 7', ' 22', ' 831', ' 1799', ' -207', ' 9', ' 20', ' 0']",fists,False
15:44:22.649065,"['124', ' -1747', ' 1124', ' 0', ' 13', ' -13', ' -332', ' -1856', ' 923']","[' 1', ' 24', ' 13', ' 814', ' 1810', ' -187', ' 6', ' 11', ' -4']",fists,False
15:44:22.653055,"['126', ' -1724', ' 1129', ' 0', ' 13', ' -13', ' -332', ' -1849', ' 929']","[' -7', ' 12', ' 16', ' 848', ' 1808', ' -185', ' 12', ' 9', ' -4']",fists,False
15:44:22.657045,"['120', ' -1728', ' 1146', ' 0', ' 13', ' -13', ' -347', ' -1850', ' 921']","[' 1', ' 28', ' 16', ' 821', ' 1806', ' -180', ' 6', ' 13', ' -12']",fists,False
15:44:22.661029,"['141', ' -1722', ' 1131', ' 0', ' 13', ' -13', ' -347', ' -1855', ' 944']","[' -2', ' 16', ' 14', ' 834', ' 1813', ' -184', ' 7', ' -6', ' -4']",fists,False
15:44:22.665019,"['126', ' -1728', ' 1130', ' 0', ' 13', ' -13', ' -352', ' -1846', ' 933']","[' 7', ' 10', ' 23', ' 826', ' 1802', ' -172', ' 20', ' -14', ' 7']",fists,False
15:44:22.668015,"['135', ' -1711', ' 1123', ' 13', ' 9', ' 6', ' -339', ' -1829', ' 932']","[' -8', ' 36', ' 4', ' 857', ' 1778', ' -171', ' 17', ' 5', ' 8']",fists,False
15:44:22.672004,"['123', ' -1727', ' 1121', ' 13', ' 9', ' 6', ' -334', ' -1825', ' 928']","[' -22', ' 26', ' 14', ' 824', ' 1800', ' -179', ' 19', ' 9', ' 7']",fists,False
15:44:22.675993,"['150', ' -1733', ' 1175', ' 13', ' 9', ' 6', ' -325', ' -1850', ' 944']","[' -29', ' 30', ' 6', ' 834', ' 1798', ' -168', ' 31', ' -5', ' 17']",fists,False
15:44:22.679983,"['142', ' -1739', ' 1150', ' 13', ' 9', ' 6', ' -327', ' -1845', ' 938']","[' -27', ' 30', ' 15', ' 846', ' 1809', ' -189', ' 22', ' 3', ' 23']",fists,False
15:44:22.683974,"['151', ' -1725', ' 1137', ' 13', ' 9', ' 6', ' -306', ' -1832', ' 940']","[' -25', ' 44', ' 22', ' 843', ' 1829', ' -196', ' 13', ' 5', ' 30']",fists,False
15:44:22.687966,"['138', ' -1729', ' 1141', ' 13', ' 9', ' 6', ' -319', ' -1830', ' 933']","[' -31', ' 47', ' 22', ' 831', ' 1801', ' -175', ' 24', ' 9', ' 47']",fists,False
15:44:22.691956,"['140', ' -1734', ' 1127', ' 13', ' 9', ' 6', ' -332', ' -1832', ' 934']","[' -29', ' 49', ' 31', ' 847', ' 1800', ' -187', ' 25', ' 18', ' 36']",fists,False
15:44:22.694953,"['143', ' -1738', ' 1129', ' 13', ' 9', ' 6', ' -342', ' -1848', ' 934']","[' -30', ' 41', ' 44', ' 861', ' 1800', ' -181', ' 22', ' 25', ' 35']",fists,False
15:44:22.698942,"['144', ' -1728', ' 1129', ' 13', ' 9', ' 6', ' -335', ' -1832', ' 936']","[' -18', ' 39', ' 57', ' 858', ' 1795', ' -173', ' 27', ' 37', ' 58']",fists,False
15:44:22.703453,"['132', ' -1735', ' 1118', ' 13', ' 9', ' 6', ' -323', ' -1818', ' 939']","[' -30', ' 58', ' 64', ' 873', ' 1805', ' -182', ' 34', ' 44', ' 57']",fists,False
15:44:22.706716,"['137', ' -1726', ' 1127', ' 13', ' 9', ' 6', ' -339', ' -1829', ' 922']","[' -42', ' 59', ' 68', ' 848', ' 1780', ' -182', ' 21', ' 54', ' 65']",fists,False
15:44:22.710931,"['120', ' -1712', ' 1134', ' 17', ' 9', ' 12', ' -355', ' -1818', ' 939']","[' -47', ' 55', ' 79', ' 866', ' 1767', ' -178', ' 38', ' 56', ' 68']",fists,False
15:44:22.714726,"['117', ' -1726', ' 1124', ' 17', ' 9', ' 12', ' -357', ' -1800', ' 925']","[' -48', ' 53', ' 83', ' 895', ' 1769', ' -161', ' 43', ' 55', ' 77']",fists,False
15:44:22.718723,"['96', ' -1719', ' 1124', ' 17', ' 9', ' 12', ' -361', ' -1801', ' 923']","[' -54', ' 58', ' 78', ' 893', ' 1764', ' -181', ' 48', ' 94', ' 83']",fists,False
15:44:22.721715,"['119', ' -1715', ' 1112', ' 17', ' 9', ' 12', ' -347', ' -1779', ' 901']","[' -58', ' 63', ' 86', ' 881', ' 1770', ' -177', ' 51', ' 100', ' 98']",fists,False
15:44:22.725704,"['98', ' -1695', ' 1102', ' 17', ' 9', ' 12', ' -380', ' -1796', ' 915']","[' -76', ' 55', ' 85', ' 868', ' 1766', ' -190', ' 42', ' 118', ' 91']",fists,False
15:44:22.729699,"['107', ' -1707', ' 1091', ' 17', ' 9', ' 12', ' -362', ' -1799', ' 899']","[' -82', ' 48', ' 87', ' 870', ' 1765', ' -194', ' 25', ' 112', ' 95']",fists,False
15:44:22.733688,"['100', ' -1725', ' 1104', ' 17', ' 9', ' 12', ' -388', ' -1826', ' 920']","[' -86', ' 42', ' 91', ' 873', ' 1754', ' -176', ' 28', ' 126', ' 96']",fists,False
15:44:22.737677,"['83', ' -1737', ' 1116', ' 17', ' 9', ' 12', ' -386', ' -1828', ' 909']","[' -86', ' 37', ' 84', ' 859', ' 1775', ' -185', ' 47', ' 119', ' 94']",fists,False
15:44:22.741668,"['70', ' -1738', ' 1103', ' 17', ' 9', ' 12', ' -398', ' -1836', ' 894']","[' -85', ' 27', ' 72', ' 829', ' 1781', ' -172', ' 31', ' 112', ' 76']",fists,False
15:44:22.745651,"['71', ' -1740', ' 1109', ' 17', ' 9', ' 12', ' -410', ' -1844', ' 892']","[' -65', ' 40', ' 66', ' 880', ' 1770', ' -187', ' 39', ' 106', ' 59']",fists,False
15:44:22.749640,"['73', ' -1737', ' 1095', ' 13', ' 16', ' 23', ' -376', ' -1826', ' 894']","[' -52', ' 42', ' 46', ' 894', ' 1763', ' -188', ' 32', ' 82', ' 41']",fists,False
15:44:22.752637,"['57', ' -1734', ' 1088', ' 13', ' 16', ' 23', ' -406', ' -1858', ' 873']","[' -42', ' 23', ' 30', ' 875', ' 1746', ' -173', ' 25', ' 97', ' 40']",fists,False
15:44:22.756627,"['59', ' -1739', ' 1094', ' 13', ' 16', ' 23', ' -420', ' -1823', ' 881']","[' -38', ' 37', ' 24', ' 868', ' 1758', ' -178', ' 30', ' 66', ' 11']",fists,False
15:44:22.760624,"['57', ' -1718', ' 1104', ' 13', ' 16', ' 23', ' -408', ' -1836', ' 883']","[' -39', ' 33', ' 13', ' 821', ' 1712', ' -167', ' 22', ' 30', ' -6']",fists,False
15:44:22.764601,"['51', ' -1697', ' 1105', ' 13', ' 16', ' 23', ' -422', ' -1828', ' 878']","[' -39', ' 29', ' -9', ' 854', ' 1767', ' -175', ' 13', ' -7', ' -20']",fists,False
15:44:22.768590,"['54', ' -1711', ' 1123', ' 13', ' 16', ' 23', ' -425', ' -1829', ' 900']","[' -19', ' 22', ' -19', ' 889', ' 1708', ' -156', ' 23', ' 3', ' -30']",fists,False
15:44:22.772579,"['46', ' -1707', ' 1097', ' 13', ' 16', ' 23', ' -440', ' -1826', ' 900']","[' -30', ' 18', ' -16', ' 879', ' 1741', ' -153', ' 42', ' -6', ' -41']",fists,False
15:44:22.776569,"['48', ' -1735', ' 1099', ' 13', ' 16', ' 23', ' -413', ' -1805', ' 901']","[' -18', ' 20', ' -43', ' 892', ' 1746', ' -159', ' 45', ' -11', ' -40']",fists,False
15:44:22.780558,"['94', ' -1713', ' 1115', ' 13', ' 16', ' 23', ' -361', ' -1797', ' 890']","[' -34', ' 9', ' -31', ' 882', ' 1740', ' -168', ' 38', ' -1', ' -44']",fists,False
15:44:22.783550,"['84', ' -1683', ' 1123', ' 13', ' 16', ' 23', ' -402', ' -1809', ' 914']","[' -27', ' 4', ' -41', ' 858', ' 1751', ' -171', ' 57', ' -2', ' -31']",fists,False
15:44:22.787540,"['103', ' -1748', ' 1116', ' 13', ' 16', ' 23', ' -368', ' -1782', ' 892']","[' -23', ' 15', ' -32', ' 876', ' 1748', ' -174', ' 50', ' -6', ' -34']",fists,False
15:44:22.791531,"['68', ' -1667', ' 1100', ' -2', ' 18', ' 54', ' -359', ' -1811', ' 918']","[' -25', ' -1', ' -33', ' 981', ' 1726', ' -145', ' 105', ' 6', ' -21']",fists,False
15:44:22.795521,"['37', ' -1785', ' 1058', ' -2', ' 18', ' 54', ' -421', ' -1875', ' 887']","[' 0', ' -29', ' -14', ' 999', ' 1825', ' -253', ' 119', ' 51', ' -43']",fists,False
15:44:22.799511,"['109', ' -1769', ' 1040', ' -2', ' 18', ' 54', ' -381', ' -1854', ' 856']","[' 9', ' -50', ' -3', ' 926', ' 1816', ' -196', ' 24', ' 104', ' -17']",fists,False
15:44:22.803680,"['175', ' -1722', ' 1119', ' -2', ' 18', ' 54', ' -233', ' -1765', ' 868']","[' -43', ' -35', ' 1', ' 781', ' 1835', ' -185', ' 37', ' 76', ' -14']",fists,False
15:44:22.807669,"['139', ' -1689', ' 1142', ' -2', ' 18', ' 54', ' -356', ' -1850', ' 971']","[' -84', ' 32', ' 31', ' 692', ' 1833', ' -147', ' 24', ' 5', ' -30']",fists,False
15:44:22.811658,"['117', ' -1692', ' 1165', ' -2', ' 18', ' 54', ' -365', ' -1900', ' 959']","[' -22', ' 15', ' -22', ' 835', ' 1757', ' -151', ' 62', ' -26', ' -12']",fists,False
15:44:22.815647,"['74', ' -1729', ' 1140', ' -2', ' 18', ' 54', ' -343', ' -1766', ' 935']","[' -26', ' 30', ' -32', ' 950', ' 1777', ' -189', ' 73', ' -14', ' -16']",fists,False
15:44:22.818640,"['91', ' -1729', ' 1119', ' -2', ' 18', ' 54', ' -367', ' -1799', ' 911']","[' -76', ' 20', ' -10', ' 954', ' 1734', ' -149', ' 62', ' 46', ' 7']",fists,False
15:44:22.822629,"['72', ' -1740', ' 1128', ' -2', ' 18', ' 54', ' -379', ' -1836', ' 928']","[' -68', ' 7', ' -4', ' 931', ' 1777', ' -216', ' 103', ' 79', ' 14']",fists,False
15:44:22.826623,"['125', ' -1784', ' 1100', ' -2', ' 18', ' 54', ' -373', ' -1859', ' 910']","[' -59', ' -9', ' 32', ' 870', ' 1816', ' -241', ' 117', ' 72', ' -4']",fists,False
15:44:22.830607,"['142', ' -1772', ' 1099', ' -6', ' 5', ' 52', ' -319', ' -1898', ' 869']","[' -37', ' -39', ' 26', ' 899', ' 1802', ' -235', ' 84', ' 97', ' 24']",fists,False
15:44:22.834867,"['162', ' -1761', ' 1086', ' -6', ' 5', ' 52', ' -302', ' -1873', ' 893']","[' -44', ' -33', ' 23', ' 854', ' 1848', ' -244', ' 65', ' 133', ' 23']",fists,False
15:44:22.838855,"['180', ' -1751', ' 1119', ' -6', ' 5', ' 52', ' -300', ' -1875', ' 887']","[' -26', ' -6', ' 34', ' 788', ' 1821', ' -218', ' 35', ' 110', ' 25']",fists,False
15:44:22.841821,"['147', ' -1738', ' 1118', ' -6', ' 5', ' 52', ' -304', ' -1826', ' 909']","[' -27', ' 7', ' 21', ' 783', ' 1806', ' -210', ' 35', ' 65', ' 6']",fists,False
15:44:22.845809,"['142', ' -1731', ' 1137', ' -6', ' 5', ' 52', ' -329', ' -1835', ' 934']","[' -25', ' 15', ' 30', ' 853', ' 1774', ' -183', ' 57', ' 43', ' -5']",fists,False
15:44:22.849798,"['130', ' -1716', ' 1126', ' -6', ' 5', ' 52', ' -355', ' -1836', ' 939']","[' -10', ' 20', ' 4', ' 881', ' 1763', ' -181', ' 88', ' 78', ' 25']",fists,False
15:44:22.853870,"['131', ' -1719', ' 1120', ' -6', ' 5', ' 52', ' -351', ' -1803', ' 922']","[' -32', ' 15', ' 21', ' 885', ' 1777', ' -197', ' 76', ' 114', ' 34']",fists,False
